 MMP83 spec, log(U)=  0.000   
 1.000E+00 = U (heating rate factor)
 1.460E-12 = u( h nu < 13.6eV) (erg cm-3)
 1.043E-12 = u_starlight( h nu < 13.6eV) (erg cm-3)
 2.389E-03 = <h nu> (eV)
 lambda lambda*u_lambda
   (um)    (erg cm-3)
 9.120E-02 3.277E-14
 9.162E-02 3.344E-14
 9.203E-02 3.412E-14
 9.245E-02 3.481E-14
 9.288E-02 3.552E-14
 9.330E-02 3.624E-14
 9.373E-02 3.698E-14
 9.415E-02 3.773E-14
 9.458E-02 3.850E-14
 9.502E-02 3.928E-14
 9.545E-02 4.008E-14
 9.589E-02 4.089E-14
 9.632E-02 4.172E-14
 9.676E-02 4.257E-14
 9.720E-02 4.344E-14
 9.765E-02 4.432E-14
 9.809E-02 4.522E-14
 9.854E-02 4.614E-14
 9.899E-02 4.707E-14
 9.944E-02 4.803E-14
 9.990E-02 4.901E-14
 1.004E-01 5.000E-14
 1.008E-01 5.102E-14
 1.013E-01 5.206E-14
 1.017E-01 5.311E-14
 1.022E-01 5.419E-14
 1.027E-01 5.530E-14
 1.031E-01 5.642E-14
 1.036E-01 5.757E-14
 1.041E-01 5.874E-14
 1.046E-01 5.993E-14
 1.050E-01 6.115E-14
 1.055E-01 6.239E-14
 1.060E-01 6.366E-14
 1.065E-01 6.495E-14
 1.070E-01 6.627E-14
 1.074E-01 6.762E-14
 1.079E-01 6.899E-14
 1.084E-01 7.039E-14
 1.089E-01 7.182E-14
 1.094E-01 7.328E-14
 1.099E-01 7.477E-14
 1.104E-01 7.533E-14
 1.109E-01 7.567E-14
 1.114E-01 7.602E-14
 1.119E-01 7.636E-14
 1.125E-01 7.671E-14
 1.130E-01 7.706E-14
 1.135E-01 7.741E-14
 1.140E-01 7.777E-14
 1.145E-01 7.812E-14
 1.150E-01 7.848E-14
 1.156E-01 7.884E-14
 1.161E-01 7.920E-14
 1.166E-01 7.956E-14
 1.172E-01 7.992E-14
 1.177E-01 8.029E-14
 1.182E-01 8.065E-14
 1.188E-01 8.102E-14
 1.193E-01 8.139E-14
 1.199E-01 8.176E-14
 1.204E-01 8.213E-14
 1.210E-01 8.251E-14
 1.215E-01 8.289E-14
 1.221E-01 8.326E-14
 1.226E-01 8.364E-14
 1.232E-01 8.403E-14
 1.237E-01 8.441E-14
 1.243E-01 8.480E-14
 1.249E-01 8.518E-14
 1.254E-01 8.557E-14
 1.260E-01 8.596E-14
 1.266E-01 8.635E-14
 1.272E-01 8.675E-14
 1.278E-01 8.714E-14
 1.283E-01 8.754E-14
 1.289E-01 8.794E-14
 1.295E-01 8.834E-14
 1.301E-01 8.875E-14
 1.307E-01 8.915E-14
 1.313E-01 8.956E-14
 1.319E-01 8.997E-14
 1.325E-01 9.038E-14
 1.331E-01 9.079E-14
 1.337E-01 9.121E-14
 1.343E-01 9.070E-14
 1.349E-01 9.042E-14
 1.355E-01 9.015E-14
 1.362E-01 8.987E-14
 1.368E-01 8.960E-14
 1.374E-01 8.933E-14
 1.380E-01 8.906E-14
 1.387E-01 8.879E-14
 1.393E-01 8.852E-14
 1.399E-01 8.825E-14
 1.406E-01 8.798E-14
 1.412E-01 8.771E-14
 1.419E-01 8.745E-14
 1.425E-01 8.718E-14
 1.432E-01 8.692E-14
 1.438E-01 8.665E-14
 1.445E-01 8.639E-14
 1.451E-01 8.613E-14
 1.458E-01 8.586E-14
 1.465E-01 8.560E-14
 1.471E-01 8.534E-14
 1.478E-01 8.508E-14
 1.485E-01 8.483E-14
 1.491E-01 8.457E-14
 1.498E-01 8.431E-14
 1.505E-01 8.406E-14
 1.512E-01 8.380E-14
 1.519E-01 8.355E-14
 1.526E-01 8.329E-14
 1.533E-01 8.304E-14
 1.540E-01 8.279E-14
 1.547E-01 8.254E-14
 1.554E-01 8.229E-14
 1.561E-01 8.204E-14
 1.568E-01 8.179E-14
 1.575E-01 8.154E-14
 1.582E-01 8.129E-14
 1.590E-01 8.104E-14
 1.597E-01 8.080E-14
 1.604E-01 8.055E-14
 1.612E-01 8.031E-14
 1.619E-01 8.006E-14
 1.626E-01 7.982E-14
 1.634E-01 7.958E-14
 1.641E-01 7.934E-14
 1.649E-01 7.909E-14
 1.656E-01 7.885E-14
 1.664E-01 7.862E-14
 1.671E-01 7.838E-14
 1.679E-01 7.814E-14
 1.687E-01 7.790E-14
 1.694E-01 7.766E-14
 1.702E-01 7.743E-14
 1.710E-01 7.719E-14
 1.718E-01 7.696E-14
 1.726E-01 7.673E-14
 1.733E-01 7.649E-14
 1.741E-01 7.626E-14
 1.749E-01 7.603E-14
 1.757E-01 7.580E-14
 1.765E-01 7.557E-14
 1.773E-01 7.534E-14
 1.781E-01 7.511E-14
 1.790E-01 7.488E-14
 1.798E-01 7.465E-14
 1.806E-01 7.443E-14
 1.814E-01 7.420E-14
 1.822E-01 7.398E-14
 1.831E-01 7.375E-14
 1.839E-01 7.353E-14
 1.848E-01 7.330E-14
 1.856E-01 7.308E-14
 1.864E-01 7.286E-14
 1.873E-01 7.264E-14
 1.881E-01 7.242E-14
 1.890E-01 7.220E-14
 1.899E-01 7.198E-14
 1.907E-01 7.176E-14
 1.916E-01 7.154E-14
 1.925E-01 7.132E-14
 1.934E-01 7.111E-14
 1.942E-01 7.089E-14
 1.951E-01 7.068E-14
 1.960E-01 7.046E-14
 1.969E-01 7.025E-14
 1.978E-01 7.003E-14
 1.987E-01 6.982E-14
 1.996E-01 6.961E-14
 2.005E-01 6.940E-14
 2.015E-01 6.919E-14
 2.024E-01 6.898E-14
 2.033E-01 6.877E-14
 2.042E-01 6.856E-14
 2.052E-01 6.835E-14
 2.061E-01 6.814E-14
 2.070E-01 6.794E-14
 2.080E-01 6.773E-14
 2.089E-01 6.752E-14
 2.099E-01 6.732E-14
 2.108E-01 6.711E-14
 2.118E-01 6.691E-14
 2.128E-01 6.671E-14
 2.137E-01 6.651E-14
 2.147E-01 6.630E-14
 2.157E-01 6.610E-14
 2.167E-01 6.590E-14
 2.177E-01 6.570E-14
 2.187E-01 6.550E-14
 2.197E-01 6.530E-14
 2.207E-01 6.510E-14
 2.217E-01 6.491E-14
 2.227E-01 6.471E-14
 2.237E-01 6.451E-14
 2.247E-01 6.432E-14
 2.257E-01 6.412E-14
 2.268E-01 6.393E-14
 2.278E-01 6.373E-14
 2.289E-01 6.354E-14
 2.299E-01 6.335E-14
 2.309E-01 6.315E-14
 2.320E-01 6.296E-14
 2.331E-01 6.277E-14
 2.341E-01 6.258E-14
 2.352E-01 6.239E-14
 2.363E-01 6.220E-14
 2.373E-01 6.201E-14
 2.384E-01 6.182E-14
 2.395E-01 6.164E-14
 2.406E-01 6.145E-14
 2.417E-01 6.126E-14
 2.428E-01 6.108E-14
 2.439E-01 6.089E-14
 2.450E-01 6.071E-14
 2.462E-01 5.716E-14
 2.473E-01 5.818E-14
 2.484E-01 5.922E-14
 2.495E-01 6.026E-14
 2.507E-01 6.132E-14
 2.518E-01 6.239E-14
 2.530E-01 6.346E-14
 2.541E-01 6.455E-14
 2.553E-01 6.564E-14
 2.565E-01 6.674E-14
 2.576E-01 6.786E-14
 2.588E-01 6.898E-14
 2.600E-01 7.011E-14
 2.612E-01 7.125E-14
 2.624E-01 7.240E-14
 2.636E-01 7.356E-14
 2.648E-01 7.473E-14
 2.660E-01 7.590E-14
 2.672E-01 7.709E-14
 2.684E-01 7.828E-14
 2.696E-01 7.949E-14
 2.709E-01 8.070E-14
 2.721E-01 8.192E-14
 2.733E-01 8.314E-14
 2.746E-01 8.438E-14
 2.758E-01 8.562E-14
 2.771E-01 8.688E-14
 2.784E-01 8.814E-14
 2.796E-01 8.941E-14
 2.809E-01 9.068E-14
 2.822E-01 9.197E-14
 2.835E-01 9.326E-14
 2.848E-01 9.456E-14
 2.861E-01 9.587E-14
 2.874E-01 9.718E-14
 2.887E-01 9.850E-14
 2.900E-01 9.983E-14
 2.913E-01 1.012E-13
 2.927E-01 1.025E-13
 2.940E-01 1.039E-13
 2.953E-01 1.052E-13
 2.967E-01 1.066E-13
 2.980E-01 1.080E-13
 2.994E-01 1.093E-13
 3.008E-01 1.107E-13
 3.021E-01 1.121E-13
 3.035E-01 1.135E-13
 3.049E-01 1.149E-13
 3.063E-01 1.163E-13
 3.077E-01 1.178E-13
 3.091E-01 1.192E-13
 3.105E-01 1.206E-13
 3.119E-01 1.221E-13
 3.134E-01 1.235E-13
 3.148E-01 1.250E-13
 3.162E-01 1.264E-13
 3.177E-01 1.279E-13
 3.191E-01 1.294E-13
 3.206E-01 1.309E-13
 3.220E-01 1.323E-13
 3.235E-01 1.338E-13
 3.250E-01 1.353E-13
 3.265E-01 1.368E-13
 3.280E-01 1.383E-13
 3.295E-01 1.399E-13
 3.310E-01 1.414E-13
 3.325E-01 1.429E-13
 3.340E-01 1.445E-13
 3.355E-01 1.460E-13
 3.370E-01 1.476E-13
 3.386E-01 1.491E-13
 3.401E-01 1.507E-13
 3.417E-01 1.522E-13
 3.432E-01 1.538E-13
 3.448E-01 1.554E-13
 3.464E-01 1.570E-13
 3.480E-01 1.586E-13
 3.496E-01 1.602E-13
 3.511E-01 1.618E-13
 3.528E-01 1.634E-13
 3.544E-01 1.650E-13
 3.560E-01 1.667E-13
 3.576E-01 1.683E-13
 3.592E-01 1.700E-13
 3.609E-01 1.716E-13
 3.625E-01 1.733E-13
 3.642E-01 1.749E-13
 3.658E-01 1.766E-13
 3.675E-01 1.783E-13
 3.692E-01 1.800E-13
 3.709E-01 1.817E-13
 3.726E-01 1.834E-13
 3.743E-01 1.851E-13
 3.760E-01 1.868E-13
 3.777E-01 1.885E-13
 3.794E-01 1.903E-13
 3.812E-01 1.920E-13
 3.829E-01 1.938E-13
 3.846E-01 1.955E-13
 3.864E-01 1.973E-13
 3.882E-01 1.991E-13
 3.899E-01 2.008E-13
 3.917E-01 2.026E-13
 3.935E-01 2.044E-13
 3.953E-01 2.062E-13
 3.971E-01 2.081E-13
 3.989E-01 2.099E-13
 4.007E-01 2.117E-13
 4.026E-01 2.136E-13
 4.044E-01 2.154E-13
 4.062E-01 2.173E-13
 4.081E-01 2.192E-13
 4.100E-01 2.210E-13
 4.118E-01 2.229E-13
 4.137E-01 2.248E-13
 4.156E-01 2.268E-13
 4.175E-01 2.287E-13
 4.194E-01 2.306E-13
 4.213E-01 2.325E-13
 4.232E-01 2.345E-13
 4.252E-01 2.365E-13
 4.271E-01 2.384E-13
 4.291E-01 2.404E-13
 4.310E-01 2.424E-13
 4.330E-01 2.444E-13
 4.350E-01 2.464E-13
 4.370E-01 2.485E-13
 4.389E-01 2.505E-13
 4.410E-01 2.525E-13
 4.430E-01 2.546E-13
 4.450E-01 2.567E-13
 4.470E-01 2.587E-13
 4.491E-01 2.608E-13
 4.511E-01 2.629E-13
 4.532E-01 2.650E-13
 4.552E-01 2.672E-13
 4.573E-01 2.693E-13
 4.594E-01 2.714E-13
 4.615E-01 2.736E-13
 4.636E-01 2.758E-13
 4.657E-01 2.779E-13
 4.679E-01 2.801E-13
 4.700E-01 2.823E-13
 4.721E-01 2.845E-13
 4.743E-01 2.868E-13
 4.765E-01 2.890E-13
 4.786E-01 2.912E-13
 4.808E-01 2.935E-13
 4.830E-01 2.958E-13
 4.852E-01 2.980E-13
 4.874E-01 3.003E-13
 4.897E-01 3.026E-13
 4.919E-01 3.049E-13
 4.941E-01 3.072E-13
 4.964E-01 3.096E-13
 4.987E-01 3.119E-13
 5.009E-01 3.143E-13
 5.032E-01 3.166E-13
 5.055E-01 3.190E-13
 5.078E-01 3.214E-13
 5.101E-01 3.238E-13
 5.125E-01 3.262E-13
 5.148E-01 3.286E-13
 5.172E-01 3.310E-13
 5.195E-01 3.335E-13
 5.219E-01 3.359E-13
 5.243E-01 3.383E-13
 5.267E-01 3.408E-13
 5.291E-01 3.433E-13
 5.315E-01 3.458E-13
 5.339E-01 3.482E-13
 5.363E-01 3.507E-13
 5.388E-01 3.532E-13
 5.413E-01 3.557E-13
 5.437E-01 3.583E-13
 5.462E-01 3.608E-13
 5.487E-01 3.633E-13
 5.512E-01 3.659E-13
 5.537E-01 3.684E-13
 5.563E-01 3.710E-13
 5.588E-01 3.735E-13
 5.613E-01 3.761E-13
 5.639E-01 3.786E-13
 5.665E-01 3.812E-13
 5.691E-01 3.838E-13
 5.717E-01 3.864E-13
 5.743E-01 3.890E-13
 5.769E-01 3.916E-13
 5.795E-01 3.942E-13
 5.822E-01 3.968E-13
 5.848E-01 3.994E-13
 5.875E-01 4.020E-13
 5.902E-01 4.046E-13
 5.929E-01 4.072E-13
 5.956E-01 4.098E-13
 5.983E-01 4.124E-13
 6.010E-01 4.150E-13
 6.038E-01 4.176E-13
 6.065E-01 4.202E-13
 6.093E-01 4.229E-13
 6.121E-01 4.255E-13
 6.149E-01 4.281E-13
 6.177E-01 4.307E-13
 6.205E-01 4.333E-13
 6.233E-01 4.359E-13
 6.262E-01 4.385E-13
 6.290E-01 4.411E-13
 6.319E-01 4.437E-13
 6.348E-01 4.463E-13
 6.377E-01 4.489E-13
 6.406E-01 4.515E-13
 6.435E-01 4.540E-13
 6.465E-01 4.566E-13
 6.494E-01 4.592E-13
 6.524E-01 4.617E-13
 6.554E-01 4.643E-13
 6.584E-01 4.668E-13
 6.614E-01 4.694E-13
 6.644E-01 4.719E-13
 6.674E-01 4.744E-13
 6.705E-01 4.769E-13
 6.735E-01 4.794E-13
 6.766E-01 4.819E-13
 6.797E-01 4.844E-13
 6.828E-01 4.868E-13
 6.859E-01 4.893E-13
 6.890E-01 4.917E-13
 6.922E-01 4.942E-13
 6.953E-01 4.966E-13
 6.985E-01 4.990E-13
 7.017E-01 5.014E-13
 7.049E-01 5.037E-13
 7.081E-01 5.061E-13
 7.114E-01 5.084E-13
 7.146E-01 5.107E-13
 7.179E-01 5.130E-13
 7.211E-01 5.153E-13
 7.244E-01 5.176E-13
 7.277E-01 5.199E-13
 7.311E-01 5.221E-13
 7.344E-01 5.243E-13
 7.378E-01 5.265E-13
 7.411E-01 5.287E-13
 7.445E-01 5.308E-13
 7.479E-01 5.330E-13
 7.513E-01 5.351E-13
 7.547E-01 5.372E-13
 7.582E-01 5.392E-13
 7.617E-01 5.413E-13
 7.651E-01 5.433E-13
 7.686E-01 5.453E-13
 7.721E-01 5.473E-13
 7.757E-01 5.492E-13
 7.792E-01 5.512E-13
 7.828E-01 5.531E-13
 7.863E-01 5.549E-13
 7.899E-01 5.568E-13
 7.935E-01 5.586E-13
 7.971E-01 5.604E-13
 8.008E-01 5.622E-13
 8.044E-01 5.639E-13
 8.081E-01 5.656E-13
 8.118E-01 5.673E-13
 8.155E-01 5.690E-13
 8.192E-01 5.706E-13
 8.230E-01 5.722E-13
 8.267E-01 5.737E-13
 8.305E-01 5.753E-13
 8.343E-01 5.768E-13
 8.381E-01 5.783E-13
 8.419E-01 5.797E-13
 8.458E-01 5.811E-13
 8.496E-01 5.825E-13
 8.535E-01 5.838E-13
 8.574E-01 5.852E-13
 8.613E-01 5.864E-13
 8.652E-01 5.877E-13
 8.692E-01 5.889E-13
 8.732E-01 5.901E-13
 8.772E-01 5.912E-13
 8.812E-01 5.924E-13
 8.852E-01 5.934E-13
 8.892E-01 5.945E-13
 8.933E-01 5.955E-13
 8.974E-01 5.965E-13
 9.015E-01 5.974E-13
 9.056E-01 5.983E-13
 9.097E-01 5.992E-13
 9.139E-01 6.001E-13
 9.180E-01 6.009E-13
 9.222E-01 6.016E-13
 9.264E-01 6.024E-13
 9.307E-01 6.031E-13
 9.349E-01 6.037E-13
 9.392E-01 6.043E-13
 9.435E-01 6.049E-13
 9.478E-01 6.055E-13
 9.521E-01 6.060E-13
 9.564E-01 6.065E-13
 9.608E-01 6.069E-13
 9.652E-01 6.073E-13
 9.696E-01 6.077E-13
 9.740E-01 6.080E-13
 9.785E-01 6.083E-13
 9.829E-01 6.086E-13
 9.874E-01 6.088E-13
 9.919E-01 6.090E-13
 9.965E-01 6.092E-13
 1.001E+00 6.093E-13
 1.006E+00 6.094E-13
 1.010E+00 6.094E-13
 1.015E+00 6.094E-13
 1.019E+00 6.094E-13
 1.024E+00 6.093E-13
 1.029E+00 6.092E-13
 1.033E+00 6.091E-13
 1.038E+00 6.089E-13
 1.043E+00 6.087E-13
 1.048E+00 6.084E-13
 1.052E+00 6.081E-13
 1.057E+00 6.078E-13
 1.062E+00 6.075E-13
 1.067E+00 6.071E-13
 1.072E+00 6.066E-13
 1.077E+00 6.062E-13
 1.082E+00 6.057E-13
 1.087E+00 6.051E-13
 1.091E+00 6.046E-13
 1.096E+00 6.040E-13
 1.101E+00 6.033E-13
 1.107E+00 6.027E-13
 1.112E+00 6.020E-13
 1.117E+00 6.012E-13
 1.122E+00 6.005E-13
 1.127E+00 5.996E-13
 1.132E+00 5.988E-13
 1.137E+00 5.979E-13
 1.142E+00 5.970E-13
 1.148E+00 5.961E-13
 1.153E+00 5.951E-13
 1.158E+00 5.941E-13
 1.163E+00 5.931E-13
 1.169E+00 5.920E-13
 1.174E+00 5.909E-13
 1.179E+00 5.898E-13
 1.185E+00 5.887E-13
 1.190E+00 5.875E-13
 1.196E+00 5.863E-13
 1.201E+00 5.850E-13
 1.207E+00 5.837E-13
 1.212E+00 5.824E-13
 1.218E+00 5.811E-13
 1.223E+00 5.797E-13
 1.229E+00 5.783E-13
 1.234E+00 5.769E-13
 1.240E+00 5.755E-13
 1.246E+00 5.740E-13
 1.251E+00 5.725E-13
 1.257E+00 5.710E-13
 1.263E+00 5.694E-13
 1.269E+00 5.678E-13
 1.274E+00 5.662E-13
 1.280E+00 5.646E-13
 1.286E+00 5.630E-13
 1.292E+00 5.613E-13
 1.298E+00 5.596E-13
 1.304E+00 5.578E-13
 1.310E+00 5.561E-13
 1.316E+00 5.543E-13
 1.322E+00 5.525E-13
 1.328E+00 5.507E-13
 1.334E+00 5.489E-13
 1.340E+00 5.470E-13
 1.346E+00 5.451E-13
 1.352E+00 5.432E-13
 1.358E+00 5.413E-13
 1.364E+00 5.393E-13
 1.371E+00 5.374E-13
 1.377E+00 5.354E-13
 1.383E+00 5.334E-13
 1.389E+00 5.314E-13
 1.396E+00 5.293E-13
 1.402E+00 5.273E-13
 1.409E+00 5.252E-13
 1.415E+00 5.231E-13
 1.421E+00 5.210E-13
 1.428E+00 5.189E-13
 1.435E+00 5.167E-13
 1.441E+00 5.146E-13
 1.448E+00 5.124E-13
 1.454E+00 5.102E-13
 1.461E+00 5.080E-13
 1.468E+00 5.058E-13
 1.474E+00 5.035E-13
 1.481E+00 5.013E-13
 1.488E+00 4.990E-13
 1.495E+00 4.968E-13
 1.501E+00 4.945E-13
 1.508E+00 4.922E-13
 1.515E+00 4.899E-13
 1.522E+00 4.875E-13
 1.529E+00 4.852E-13
 1.536E+00 4.829E-13
 1.543E+00 4.805E-13
 1.550E+00 4.782E-13
 1.557E+00 4.758E-13
 1.564E+00 4.734E-13
 1.571E+00 4.710E-13
 1.578E+00 4.686E-13
 1.586E+00 4.662E-13
 1.593E+00 4.638E-13
 1.600E+00 4.614E-13
 1.608E+00 4.589E-13
 1.615E+00 4.565E-13
 1.622E+00 4.541E-13
 1.630E+00 4.516E-13
 1.637E+00 4.492E-13
 1.645E+00 4.467E-13
 1.652E+00 4.442E-13
 1.660E+00 4.418E-13
 1.667E+00 4.393E-13
 1.675E+00 4.368E-13
 1.682E+00 4.343E-13
 1.690E+00 4.319E-13
 1.698E+00 4.294E-13
 1.706E+00 4.269E-13
 1.713E+00 4.244E-13
 1.721E+00 4.219E-13
 1.729E+00 4.194E-13
 1.737E+00 4.169E-13
 1.745E+00 4.144E-13
 1.753E+00 4.119E-13
 1.761E+00 4.094E-13
 1.769E+00 4.069E-13
 1.777E+00 4.043E-13
 1.785E+00 4.018E-13
 1.793E+00 3.993E-13
 1.801E+00 3.968E-13
 1.810E+00 3.943E-13
 1.818E+00 3.918E-13
 1.826E+00 3.893E-13
 1.834E+00 3.868E-13
 1.843E+00 3.843E-13
 1.851E+00 3.818E-13
 1.860E+00 3.793E-13
 1.868E+00 3.768E-13
 1.877E+00 3.743E-13
 1.885E+00 3.718E-13
 1.894E+00 3.694E-13
 1.903E+00 3.669E-13
 1.911E+00 3.644E-13
 1.920E+00 3.619E-13
 1.929E+00 3.595E-13
 1.938E+00 3.570E-13
 1.946E+00 3.545E-13
 1.955E+00 3.521E-13
 1.964E+00 3.496E-13
 1.973E+00 3.472E-13
 1.982E+00 3.447E-13
 1.991E+00 3.423E-13
 2.000E+00 3.399E-13
 2.009E+00 3.374E-13
 2.019E+00 3.350E-13
 2.028E+00 3.326E-13
 2.037E+00 3.302E-13
 2.046E+00 3.278E-13
 2.056E+00 3.254E-13
 2.065E+00 3.230E-13
 2.075E+00 3.206E-13
 2.084E+00 3.182E-13
 2.094E+00 3.159E-13
 2.103E+00 3.135E-13
 2.113E+00 3.112E-13
 2.122E+00 3.088E-13
 2.132E+00 3.065E-13
 2.142E+00 3.042E-13
 2.152E+00 3.018E-13
 2.161E+00 2.995E-13
 2.171E+00 2.972E-13
 2.181E+00 2.949E-13
 2.191E+00 2.926E-13
 2.201E+00 2.904E-13
 2.211E+00 2.881E-13
 2.221E+00 2.858E-13
 2.231E+00 2.836E-13
 2.242E+00 2.813E-13
 2.252E+00 2.791E-13
 2.262E+00 2.769E-13
 2.272E+00 2.747E-13
 2.283E+00 2.725E-13
 2.293E+00 2.703E-13
 2.304E+00 2.681E-13
 2.314E+00 2.659E-13
 2.325E+00 2.638E-13
 2.335E+00 2.616E-13
 2.346E+00 2.595E-13
 2.357E+00 2.573E-13
 2.367E+00 2.552E-13
 2.378E+00 2.531E-13
 2.389E+00 2.510E-13
 2.400E+00 2.489E-13
 2.411E+00 2.468E-13
 2.422E+00 2.448E-13
 2.433E+00 2.427E-13
 2.444E+00 2.406E-13
 2.455E+00 2.386E-13
 2.467E+00 2.366E-13
 2.478E+00 2.346E-13
 2.489E+00 2.326E-13
 2.500E+00 2.306E-13
 2.512E+00 2.286E-13
 2.523E+00 2.266E-13
 2.535E+00 2.246E-13
 2.546E+00 2.227E-13
 2.558E+00 2.208E-13
 2.570E+00 2.188E-13
 2.581E+00 2.169E-13
 2.593E+00 2.150E-13
 2.605E+00 2.131E-13
 2.617E+00 2.112E-13
 2.629E+00 2.094E-13
 2.641E+00 2.075E-13
 2.653E+00 2.057E-13
 2.665E+00 2.038E-13
 2.677E+00 2.020E-13
 2.689E+00 2.002E-13
 2.702E+00 1.984E-13
 2.714E+00 1.966E-13
 2.726E+00 1.948E-13
 2.739E+00 1.930E-13
 2.751E+00 1.913E-13
 2.764E+00 1.895E-13
 2.777E+00 1.878E-13
 2.789E+00 1.861E-13
 2.802E+00 1.844E-13
 2.815E+00 1.827E-13
 2.828E+00 1.810E-13
 2.841E+00 1.793E-13
 2.854E+00 1.776E-13
 2.867E+00 1.760E-13
 2.880E+00 1.744E-13
 2.893E+00 1.727E-13
 2.906E+00 1.711E-13
 2.919E+00 1.695E-13
 2.933E+00 1.679E-13
 2.946E+00 1.663E-13
 2.959E+00 1.647E-13
 2.973E+00 1.632E-13
 2.987E+00 1.616E-13
 3.000E+00 1.601E-13
 3.014E+00 1.586E-13
 3.028E+00 1.570E-13
 3.041E+00 1.555E-13
 3.055E+00 1.540E-13
 3.069E+00 1.526E-13
 3.083E+00 1.511E-13
 3.097E+00 1.496E-13
 3.111E+00 1.482E-13
 3.126E+00 1.467E-13
 3.140E+00 1.453E-13
 3.154E+00 1.439E-13
 3.169E+00 1.425E-13
 3.183E+00 1.411E-13
 3.198E+00 1.397E-13
 3.212E+00 1.383E-13
 3.227E+00 1.370E-13
 3.242E+00 1.356E-13
 3.256E+00 1.343E-13
 3.271E+00 1.330E-13
 3.286E+00 1.316E-13
 3.301E+00 1.303E-13
 3.316E+00 1.290E-13
 3.331E+00 1.277E-13
 3.347E+00 1.265E-13
 3.362E+00 1.252E-13
 3.377E+00 1.239E-13
 3.393E+00 1.227E-13
 3.408E+00 1.215E-13
 3.424E+00 1.202E-13
 3.439E+00 1.190E-13
 3.455E+00 1.178E-13
 3.471E+00 1.166E-13
 3.487E+00 1.154E-13
 3.503E+00 1.143E-13
 3.519E+00 1.131E-13
 3.535E+00 1.119E-13
 3.551E+00 1.108E-13
 3.567E+00 1.097E-13
 3.583E+00 1.085E-13
 3.600E+00 1.074E-13
 3.616E+00 1.063E-13
 3.633E+00 1.052E-13
 3.649E+00 1.041E-13
 3.666E+00 1.031E-13
 3.683E+00 1.020E-13
 3.699E+00 1.009E-13
 3.716E+00 9.987E-14
 3.733E+00 9.883E-14
 3.750E+00 9.780E-14
 3.767E+00 9.678E-14
 3.785E+00 9.577E-14
 3.802E+00 9.476E-14
 3.819E+00 9.377E-14
 3.837E+00 9.278E-14
 3.854E+00 9.181E-14
 3.872E+00 9.084E-14
 3.889E+00 8.988E-14
 3.907E+00 8.893E-14
 3.925E+00 8.799E-14
 3.943E+00 8.705E-14
 3.961E+00 8.613E-14
 3.979E+00 8.521E-14
 3.997E+00 8.431E-14
 4.015E+00 8.341E-14
 4.034E+00 8.252E-14
 4.052E+00 8.163E-14
 4.071E+00 8.076E-14
 4.089E+00 7.989E-14
 4.108E+00 7.903E-14
 4.127E+00 7.818E-14
 4.146E+00 7.734E-14
 4.164E+00 7.651E-14
 4.183E+00 7.568E-14
 4.203E+00 7.486E-14
 4.222E+00 7.405E-14
 4.241E+00 7.325E-14
 4.260E+00 7.246E-14
 4.280E+00 7.167E-14
 4.299E+00 7.089E-14
 4.319E+00 7.012E-14
 4.339E+00 6.935E-14
 4.359E+00 6.859E-14
 4.378E+00 6.784E-14
 4.398E+00 6.710E-14
 4.419E+00 6.637E-14
 4.439E+00 6.564E-14
 4.459E+00 6.492E-14
 4.479E+00 6.420E-14
 4.500E+00 6.349E-14
 4.520E+00 6.279E-14
 4.541E+00 6.210E-14
 4.562E+00 6.141E-14
 4.582E+00 6.073E-14
 4.603E+00 6.006E-14
 4.624E+00 5.940E-14
 4.646E+00 5.874E-14
 4.667E+00 5.808E-14
 4.688E+00 5.744E-14
 4.709E+00 5.680E-14
 4.731E+00 5.616E-14
 4.753E+00 5.554E-14
 4.774E+00 5.491E-14
 4.796E+00 5.430E-14
 4.818E+00 5.369E-14
 4.840E+00 5.309E-14
 4.862E+00 5.249E-14
 4.884E+00 5.190E-14
 4.906E+00 5.132E-14
 4.929E+00 5.074E-14
 4.951E+00 5.017E-14
 4.974E+00 4.960E-14
 4.997E+00 4.904E-14
 5.020E+00 4.849E-14
 5.042E+00 4.794E-14
 5.065E+00 4.740E-14
 5.089E+00 4.686E-14
 5.112E+00 4.633E-14
 5.135E+00 4.580E-14
 5.159E+00 4.528E-14
 5.182E+00 4.476E-14
 5.206E+00 4.425E-14
 5.230E+00 4.375E-14
 5.253E+00 4.325E-14
 5.277E+00 4.275E-14
 5.301E+00 4.227E-14
 5.326E+00 4.178E-14
 5.350E+00 4.130E-14
 5.374E+00 4.083E-14
 5.399E+00 4.036E-14
 5.424E+00 3.990E-14
 5.448E+00 3.944E-14
 5.473E+00 3.898E-14
 5.498E+00 3.853E-14
 5.523E+00 3.809E-14
 5.549E+00 3.765E-14
 5.574E+00 3.721E-14
 5.599E+00 3.678E-14
 5.625E+00 3.636E-14
 5.651E+00 3.594E-14
 5.676E+00 3.552E-14
 5.702E+00 3.511E-14
 5.728E+00 3.470E-14
 5.754E+00 3.430E-14
 5.781E+00 3.390E-14
 5.807E+00 3.350E-14
 5.834E+00 3.311E-14
 5.860E+00 3.273E-14
 5.887E+00 3.234E-14
 5.914E+00 3.197E-14
 5.941E+00 3.159E-14
 5.968E+00 3.122E-14
 5.995E+00 3.086E-14
 6.023E+00 3.049E-14
 6.050E+00 3.014E-14
 6.078E+00 2.978E-14
 6.105E+00 2.943E-14
 6.133E+00 2.909E-14
 6.161E+00 2.875E-14
 6.189E+00 2.841E-14
 6.218E+00 2.807E-14
 6.246E+00 2.774E-14
 6.275E+00 2.741E-14
 6.303E+00 2.709E-14
 6.332E+00 2.677E-14
 6.361E+00 2.645E-14
 6.390E+00 2.614E-14
 6.419E+00 2.583E-14
 6.448E+00 2.552E-14
 6.478E+00 2.522E-14
 6.507E+00 2.492E-14
 6.537E+00 2.463E-14
 6.567E+00 2.433E-14
 6.597E+00 2.404E-14
 6.627E+00 2.376E-14
 6.657E+00 2.347E-14
 6.688E+00 2.319E-14
 6.718E+00 2.292E-14
 6.749E+00 2.264E-14
 6.780E+00 2.237E-14
 6.811E+00 2.211E-14
 6.842E+00 2.184E-14
 6.873E+00 2.158E-14
 6.904E+00 2.132E-14
 6.936E+00 2.107E-14
 6.968E+00 2.081E-14
 6.999E+00 2.056E-14
 7.031E+00 2.032E-14
 7.063E+00 2.007E-14
 7.096E+00 1.983E-14
 7.128E+00 1.959E-14
 7.161E+00 1.936E-14
 7.193E+00 1.912E-14
 7.226E+00 1.889E-14
 7.259E+00 1.867E-14
 7.292E+00 1.844E-14
 7.325E+00 1.822E-14
 7.359E+00 1.800E-14
 7.393E+00 1.778E-14
 7.426E+00 1.756E-14
 7.460E+00 1.735E-14
 7.494E+00 1.714E-14
 7.528E+00 1.693E-14
 7.563E+00 1.673E-14
 7.597E+00 1.653E-14
 7.632E+00 1.632E-14
 7.667E+00 1.613E-14
 7.702E+00 1.593E-14
 7.737E+00 1.574E-14
 7.772E+00 1.555E-14
 7.808E+00 1.536E-14
 7.843E+00 1.517E-14
 7.879E+00 1.498E-14
 7.915E+00 1.480E-14
 7.951E+00 1.462E-14
 7.988E+00 1.444E-14
 8.024E+00 1.427E-14
 8.061E+00 1.409E-14
 8.098E+00 1.392E-14
 8.135E+00 1.375E-14
 8.172E+00 1.358E-14
 8.209E+00 1.341E-14
 8.246E+00 1.325E-14
 8.284E+00 1.309E-14
 8.322E+00 1.293E-14
 8.360E+00 1.277E-14
 8.398E+00 1.261E-14
 8.436E+00 1.246E-14
 8.475E+00 1.230E-14
 8.514E+00 1.215E-14
 8.552E+00 1.200E-14
 8.591E+00 1.185E-14
 8.631E+00 1.171E-14
 8.670E+00 1.156E-14
 8.710E+00 1.142E-14
 8.749E+00 1.128E-14
 8.789E+00 1.114E-14
 8.830E+00 1.100E-14
 8.870E+00 1.087E-14
 8.910E+00 1.073E-14
 8.951E+00 1.060E-14
 8.992E+00 1.047E-14
 9.033E+00 1.034E-14
 9.074E+00 1.021E-14
 9.116E+00 1.009E-14
 9.157E+00 9.960E-15
 9.199E+00 9.837E-15
 9.241E+00 9.715E-15
 9.283E+00 9.594E-15
 9.326E+00 9.475E-15
 9.368E+00 9.357E-15
 9.411E+00 9.241E-15
 9.454E+00 9.126E-15
 9.497E+00 9.013E-15
 9.540E+00 8.900E-15
 9.584E+00 8.790E-15
 9.628E+00 8.680E-15
 9.672E+00 8.572E-15
 9.716E+00 8.465E-15
 9.760E+00 8.360E-15
 9.805E+00 8.255E-15
 9.849E+00 8.152E-15
 9.894E+00 8.050E-15
 9.940E+00 7.950E-15
 9.985E+00 7.850E-15
 1.003E+01 7.752E-15
 1.008E+01 7.655E-15
 1.012E+01 7.559E-15
 1.017E+01 7.465E-15
 1.021E+01 7.371E-15
 1.026E+01 7.279E-15
 1.031E+01 7.188E-15
 1.036E+01 7.098E-15
 1.040E+01 7.009E-15
 1.045E+01 6.921E-15
 1.050E+01 6.834E-15
 1.055E+01 6.748E-15
 1.059E+01 6.663E-15
 1.064E+01 6.579E-15
 1.069E+01 6.497E-15
 1.074E+01 6.415E-15
 1.079E+01 6.334E-15
 1.084E+01 6.254E-15
 1.089E+01 6.176E-15
 1.094E+01 6.098E-15
 1.099E+01 6.021E-15
 1.104E+01 5.945E-15
 1.109E+01 5.870E-15
 1.114E+01 5.796E-15
 1.119E+01 5.723E-15
 1.124E+01 5.651E-15
 1.129E+01 5.579E-15
 1.134E+01 5.509E-15
 1.139E+01 5.439E-15
 1.145E+01 5.370E-15
 1.150E+01 5.302E-15
 1.155E+01 5.235E-15
 1.160E+01 5.169E-15
 1.166E+01 5.104E-15
 1.171E+01 5.039E-15
 1.176E+01 4.975E-15
 1.182E+01 4.912E-15
 1.187E+01 4.850E-15
 1.193E+01 4.788E-15
 1.198E+01 4.728E-15
 1.203E+01 4.668E-15
 1.209E+01 4.608E-15
 1.215E+01 4.550E-15
 1.220E+01 4.492E-15
 1.226E+01 4.435E-15
 1.231E+01 4.379E-15
 1.237E+01 4.323E-15
 1.242E+01 4.268E-15
 1.248E+01 4.214E-15
 1.254E+01 4.160E-15
 1.260E+01 4.107E-15
 1.265E+01 4.055E-15
 1.271E+01 4.003E-15
 1.277E+01 3.952E-15
 1.283E+01 3.902E-15
 1.289E+01 3.852E-15
 1.294E+01 3.803E-15
 1.300E+01 3.754E-15
 1.306E+01 3.706E-15
 1.312E+01 3.659E-15
 1.318E+01 3.612E-15
 1.324E+01 3.566E-15
 1.330E+01 3.520E-15
 1.336E+01 3.475E-15
 1.343E+01 3.431E-15
 1.349E+01 3.387E-15
 1.355E+01 3.344E-15
 1.361E+01 3.301E-15
 1.367E+01 3.259E-15
 1.373E+01 3.217E-15
 1.380E+01 3.176E-15
 1.386E+01 3.135E-15
 1.392E+01 3.095E-15
 1.399E+01 3.055E-15
 1.405E+01 3.016E-15
 1.411E+01 2.977E-15
 1.418E+01 2.939E-15
 1.424E+01 2.901E-15
 1.431E+01 2.864E-15
 1.437E+01 2.827E-15
 1.444E+01 2.791E-15
 1.451E+01 2.755E-15
 1.457E+01 2.720E-15
 1.464E+01 2.685E-15
 1.471E+01 2.650E-15
 1.477E+01 2.616E-15
 1.484E+01 2.583E-15
 1.491E+01 2.549E-15
 1.498E+01 2.517E-15
 1.504E+01 2.484E-15
 1.511E+01 2.452E-15
 1.518E+01 2.421E-15
 1.525E+01 2.389E-15
 1.532E+01 2.359E-15
 1.539E+01 2.328E-15
 1.546E+01 2.298E-15
 1.553E+01 2.269E-15
 1.560E+01 2.239E-15
 1.567E+01 2.210E-15
 1.575E+01 2.182E-15
 1.582E+01 2.154E-15
 1.589E+01 2.126E-15
 1.596E+01 2.098E-15
 1.603E+01 2.071E-15
 1.611E+01 2.045E-15
 1.618E+01 2.018E-15
 1.626E+01 1.992E-15
 1.633E+01 1.966E-15
 1.640E+01 1.941E-15
 1.648E+01 1.916E-15
 1.655E+01 1.891E-15
 1.663E+01 1.866E-15
 1.671E+01 1.842E-15
 1.678E+01 1.818E-15
 1.686E+01 1.795E-15
 1.694E+01 1.772E-15
 1.701E+01 1.749E-15
 1.709E+01 1.726E-15
 1.717E+01 1.704E-15
 1.725E+01 1.682E-15
 1.733E+01 1.660E-15
 1.740E+01 1.638E-15
 1.748E+01 1.617E-15
 1.756E+01 1.596E-15
 1.764E+01 1.575E-15
 1.772E+01 1.555E-15
 1.781E+01 1.535E-15
 1.789E+01 1.515E-15
 1.797E+01 1.495E-15
 1.805E+01 1.476E-15
 1.813E+01 1.456E-15
 1.822E+01 1.437E-15
 1.830E+01 1.419E-15
 1.838E+01 1.400E-15
 1.847E+01 1.382E-15
 1.855E+01 1.364E-15
 1.864E+01 1.346E-15
 1.872E+01 1.329E-15
 1.881E+01 1.312E-15
 1.889E+01 1.294E-15
 1.898E+01 1.278E-15
 1.906E+01 1.261E-15
 1.915E+01 1.245E-15
 1.924E+01 1.228E-15
 1.933E+01 1.212E-15
 1.941E+01 1.196E-15
 1.950E+01 1.181E-15
 1.959E+01 1.165E-15
 1.968E+01 1.150E-15
 1.977E+01 1.135E-15
 1.986E+01 1.120E-15
 1.995E+01 1.106E-15
 2.004E+01 1.091E-15
 2.014E+01 1.077E-15
 2.023E+01 1.063E-15
 2.032E+01 1.049E-15
 2.041E+01 1.035E-15
 2.051E+01 1.022E-15
 2.060E+01 1.009E-15
 2.069E+01 9.954E-16
 2.079E+01 9.824E-16
 2.088E+01 9.695E-16
 2.098E+01 9.569E-16
 2.107E+01 9.444E-16
 2.117E+01 9.320E-16
 2.127E+01 9.198E-16
 2.136E+01 9.078E-16
 2.146E+01 8.959E-16
 2.156E+01 8.842E-16
 2.166E+01 8.726E-16
 2.176E+01 8.611E-16
 2.186E+01 8.499E-16
 2.196E+01 8.387E-16
 2.206E+01 8.277E-16
 2.216E+01 8.169E-16
 2.226E+01 8.062E-16
 2.236E+01 7.956E-16
 2.246E+01 7.852E-16
 2.256E+01 7.749E-16
 2.267E+01 7.647E-16
 2.277E+01 7.547E-16
 2.287E+01 7.448E-16
 2.298E+01 7.350E-16
 2.308E+01 7.254E-16
 2.319E+01 7.159E-16
 2.329E+01 7.065E-16
 2.340E+01 6.972E-16
 2.351E+01 6.880E-16
 2.362E+01 6.790E-16
 2.372E+01 6.701E-16
 2.383E+01 6.613E-16
 2.394E+01 6.526E-16
 2.405E+01 6.440E-16
 2.416E+01 6.355E-16
 2.427E+01 6.272E-16
 2.438E+01 6.189E-16
 2.449E+01 6.108E-16
 2.460E+01 6.028E-16
 2.472E+01 5.948E-16
 2.483E+01 5.870E-16
 2.494E+01 5.793E-16
 2.506E+01 5.717E-16
 2.517E+01 5.641E-16
 2.528E+01 5.567E-16
 2.540E+01 5.494E-16
 2.552E+01 5.421E-16
 2.563E+01 5.350E-16
 2.575E+01 5.280E-16
 2.587E+01 5.210E-16
 2.599E+01 5.141E-16
 2.610E+01 5.074E-16
 2.622E+01 5.007E-16
 2.634E+01 4.941E-16
 2.646E+01 4.876E-16
 2.658E+01 4.811E-16
 2.671E+01 4.748E-16
 2.683E+01 4.685E-16
 2.695E+01 4.623E-16
 2.707E+01 4.562E-16
 2.720E+01 4.502E-16
 2.732E+01 4.443E-16
 2.745E+01 4.384E-16
 2.757E+01 4.326E-16
 2.770E+01 4.269E-16
 2.782E+01 4.213E-16
 2.795E+01 4.157E-16
 2.808E+01 4.102E-16
 2.821E+01 4.048E-16
 2.833E+01 3.995E-16
 2.846E+01 3.942E-16
 2.859E+01 3.890E-16
 2.872E+01 3.838E-16
 2.886E+01 3.788E-16
 2.899E+01 3.738E-16
 2.912E+01 3.688E-16
 2.925E+01 3.639E-16
 2.939E+01 3.591E-16
 2.952E+01 3.544E-16
 2.965E+01 3.497E-16
 2.979E+01 3.451E-16
 2.993E+01 3.405E-16
 3.006E+01 3.360E-16
 3.020E+01 3.316E-16
 3.034E+01 3.272E-16
 3.048E+01 3.228E-16
 3.062E+01 3.186E-16
 3.076E+01 3.144E-16
 3.090E+01 3.102E-16
 3.104E+01 3.061E-16
 3.118E+01 3.020E-16
 3.132E+01 2.980E-16
 3.146E+01 2.941E-16
 3.161E+01 2.902E-16
 3.175E+01 2.863E-16
 3.190E+01 2.825E-16
 3.204E+01 2.788E-16
 3.219E+01 2.751E-16
 3.234E+01 2.715E-16
 3.248E+01 2.679E-16
 3.263E+01 2.643E-16
 3.278E+01 2.608E-16
 3.293E+01 2.573E-16
 3.308E+01 2.539E-16
 3.323E+01 2.506E-16
 3.338E+01 2.472E-16
 3.354E+01 2.440E-16
 3.369E+01 2.407E-16
 3.384E+01 2.375E-16
 3.400E+01 2.344E-16
 3.415E+01 2.313E-16
 3.431E+01 2.282E-16
 3.446E+01 2.252E-16
 3.462E+01 2.222E-16
 3.478E+01 2.192E-16
 3.494E+01 2.163E-16
 3.510E+01 2.134E-16
 3.526E+01 2.106E-16
 3.542E+01 2.078E-16
 3.558E+01 2.051E-16
 3.574E+01 2.023E-16
 3.591E+01 1.996E-16
 3.607E+01 1.970E-16
 3.623E+01 1.944E-16
 3.640E+01 1.918E-16
 3.657E+01 1.892E-16
 3.673E+01 1.867E-16
 3.690E+01 1.842E-16
 3.707E+01 1.818E-16
 3.724E+01 1.794E-16
 3.741E+01 1.770E-16
 3.758E+01 1.746E-16
 3.775E+01 1.723E-16
 3.792E+01 1.700E-16
 3.810E+01 1.678E-16
 3.827E+01 1.655E-16
 3.844E+01 1.633E-16
 3.862E+01 1.611E-16
 3.880E+01 1.590E-16
 3.897E+01 1.569E-16
 3.915E+01 1.548E-16
 3.933E+01 1.527E-16
 3.951E+01 1.507E-16
 3.969E+01 1.487E-16
 3.987E+01 1.467E-16
 4.005E+01 1.448E-16
 4.024E+01 1.428E-16
 4.042E+01 1.409E-16
 4.060E+01 1.391E-16
 4.079E+01 1.372E-16
 4.098E+01 1.354E-16
 4.116E+01 1.336E-16
 4.135E+01 1.318E-16
 4.154E+01 1.300E-16
 4.173E+01 1.283E-16
 4.192E+01 1.266E-16
 4.211E+01 1.249E-16
 4.230E+01 1.232E-16
 4.250E+01 1.216E-16
 4.269E+01 1.200E-16
 4.289E+01 1.184E-16
 4.308E+01 1.168E-16
 4.328E+01 1.152E-16
 4.348E+01 1.137E-16
 4.367E+01 1.122E-16
 4.387E+01 1.107E-16
 4.407E+01 1.092E-16
 4.428E+01 1.078E-16
 4.448E+01 1.063E-16
 4.468E+01 1.049E-16
 4.488E+01 1.035E-16
 4.509E+01 1.021E-16
 4.529E+01 1.008E-16
 4.550E+01 9.941E-17
 4.571E+01 9.808E-17
 4.592E+01 9.678E-17
 4.613E+01 9.548E-17
 4.634E+01 9.421E-17
 4.655E+01 9.295E-17
 4.676E+01 9.171E-17
 4.698E+01 9.048E-17
 4.719E+01 8.928E-17
 4.741E+01 8.808E-17
 4.762E+01 8.691E-17
 4.784E+01 8.575E-17
 4.806E+01 8.460E-17
 4.828E+01 8.347E-17
 4.850E+01 8.236E-17
 4.872E+01 8.125E-17
 4.894E+01 8.017E-17
 4.916E+01 7.910E-17
 4.939E+01 7.804E-17
 4.961E+01 7.700E-17
 4.984E+01 7.597E-17
 5.007E+01 7.495E-17
 5.030E+01 7.395E-17
 5.053E+01 7.296E-17
 5.076E+01 7.199E-17
 5.099E+01 7.102E-17
 5.122E+01 7.007E-17
 5.146E+01 6.914E-17
 5.169E+01 6.821E-17
 5.193E+01 6.730E-17
 5.216E+01 6.640E-17
 5.240E+01 6.551E-17
 5.264E+01 6.463E-17
 5.288E+01 6.377E-17
 5.312E+01 6.292E-17
 5.337E+01 6.207E-17
 5.361E+01 6.124E-17
 5.385E+01 6.042E-17
 5.410E+01 5.962E-17
 5.435E+01 5.882E-17
 5.459E+01 5.803E-17
 5.484E+01 5.725E-17
 5.509E+01 5.649E-17
 5.535E+01 5.573E-17
 5.560E+01 5.498E-17
 5.585E+01 5.425E-17
 5.611E+01 5.352E-17
 5.636E+01 5.281E-17
 5.662E+01 5.210E-17
 5.688E+01 5.140E-17
 5.714E+01 5.071E-17
 5.740E+01 5.003E-17
 5.766E+01 4.936E-17
 5.792E+01 4.870E-17
 5.819E+01 4.805E-17
 5.845E+01 4.741E-17
 5.872E+01 4.677E-17
 5.899E+01 4.614E-17
 5.926E+01 4.552E-17
 5.953E+01 4.491E-17
 5.980E+01 4.431E-17
 6.007E+01 4.372E-17
 6.035E+01 4.313E-17
 6.062E+01 4.255E-17
 6.090E+01 4.198E-17
 6.118E+01 4.142E-17
 6.146E+01 4.087E-17
 6.174E+01 4.032E-17
 6.202E+01 3.978E-17
 6.230E+01 3.924E-17
 6.259E+01 3.872E-17
 6.287E+01 3.820E-17
 6.316E+01 3.769E-17
 6.345E+01 3.718E-17
 6.374E+01 3.668E-17
 6.403E+01 3.619E-17
 6.432E+01 3.571E-17
 6.462E+01 3.523E-17
 6.491E+01 3.475E-17
 6.521E+01 3.429E-17
 6.550E+01 3.383E-17
 6.580E+01 3.337E-17
 6.610E+01 3.293E-17
 6.641E+01 3.248E-17
 6.671E+01 3.205E-17
 6.701E+01 3.162E-17
 6.732E+01 3.119E-17
 6.763E+01 3.077E-17
 6.793E+01 3.036E-17
 6.825E+01 2.995E-17
 6.856E+01 2.955E-17
 6.887E+01 2.916E-17
 6.918E+01 2.876E-17
 6.950E+01 2.838E-17
 6.982E+01 2.800E-17
 7.014E+01 2.762E-17
 7.046E+01 2.725E-17
 7.078E+01 2.688E-17
 7.110E+01 2.652E-17
 7.143E+01 2.617E-17
 7.175E+01 2.582E-17
 7.208E+01 2.547E-17
 7.241E+01 2.513E-17
 7.274E+01 2.479E-17
 7.307E+01 2.446E-17
 7.340E+01 2.413E-17
 7.374E+01 2.380E-17
 7.408E+01 2.348E-17
 7.441E+01 2.317E-17
 7.475E+01 2.286E-17
 7.509E+01 2.255E-17
 7.544E+01 2.225E-17
 7.578E+01 2.195E-17
 7.613E+01 2.165E-17
 7.648E+01 2.136E-17
 7.682E+01 2.107E-17
 7.718E+01 2.079E-17
 7.753E+01 2.051E-17
 7.788E+01 2.024E-17
 7.824E+01 1.996E-17
 7.859E+01 1.970E-17
 7.895E+01 1.943E-17
 7.931E+01 1.917E-17
 7.968E+01 1.891E-17
 8.004E+01 1.866E-17
 8.040E+01 1.841E-17
 8.077E+01 1.816E-17
 8.114E+01 1.792E-17
 8.151E+01 1.767E-17
 8.188E+01 1.744E-17
 8.226E+01 1.720E-17
 8.263E+01 1.697E-17
 8.301E+01 1.674E-17
 8.339E+01 1.652E-17
 8.377E+01 1.630E-17
 8.415E+01 1.608E-17
 8.454E+01 1.586E-17
 8.492E+01 1.565E-17
 8.531E+01 1.544E-17
 8.570E+01 1.523E-17
 8.609E+01 1.502E-17
 8.648E+01 1.482E-17
 8.688E+01 1.462E-17
 8.727E+01 1.443E-17
 8.767E+01 1.423E-17
 8.807E+01 1.404E-17
 8.847E+01 1.385E-17
 8.888E+01 1.366E-17
 8.928E+01 1.348E-17
 8.969E+01 1.330E-17
 9.010E+01 1.312E-17
 9.051E+01 1.294E-17
 9.093E+01 1.277E-17
 9.134E+01 1.260E-17
 9.176E+01 1.243E-17
 9.218E+01 1.226E-17
 9.260E+01 1.210E-17
 9.302E+01 1.193E-17
 9.344E+01 1.177E-17
 9.387E+01 1.161E-17
 9.430E+01 1.146E-17
 9.473E+01 1.130E-17
 9.516E+01 1.115E-17
 9.560E+01 1.100E-17
 9.603E+01 1.085E-17
 9.647E+01 1.071E-17
 9.691E+01 1.056E-17
 9.735E+01 1.042E-17
 9.780E+01 1.028E-17
 9.825E+01 1.014E-17
 9.869E+01 1.000E-17
 9.914E+01 9.870E-18
 9.960E+01 9.737E-18
 1.001E+02 9.606E-18
 1.005E+02 9.476E-18
 1.010E+02 9.349E-18
 1.014E+02 9.223E-18
 1.019E+02 9.098E-18
 1.024E+02 8.976E-18
 1.028E+02 8.855E-18
 1.033E+02 8.736E-18
 1.038E+02 8.618E-18
 1.042E+02 8.502E-18
 1.047E+02 8.387E-18
 1.052E+02 8.274E-18
 1.057E+02 8.163E-18
 1.062E+02 8.053E-18
 1.066E+02 7.944E-18
 1.071E+02 7.837E-18
 1.076E+02 7.731E-18
 1.081E+02 7.627E-18
 1.086E+02 7.524E-18
 1.091E+02 7.423E-18
 1.096E+02 7.323E-18
 1.101E+02 7.224E-18
 1.106E+02 7.127E-18
 1.111E+02 7.031E-18
 1.116E+02 6.936E-18
 1.121E+02 6.843E-18
 1.126E+02 6.750E-18
 1.131E+02 6.659E-18
 1.137E+02 6.570E-18
 1.142E+02 6.481E-18
 1.147E+02 6.394E-18
 1.152E+02 6.307E-18
 1.158E+02 6.222E-18
 1.163E+02 6.138E-18
 1.168E+02 6.056E-18
 1.173E+02 5.974E-18
 1.179E+02 5.893E-18
 1.184E+02 5.814E-18
 1.190E+02 5.736E-18
 1.195E+02 5.658E-18
 1.200E+02 5.582E-18
 1.206E+02 5.507E-18
 1.211E+02 5.432E-18
 1.217E+02 5.359E-18
 1.223E+02 5.287E-18
 1.228E+02 5.215E-18
 1.234E+02 5.145E-18
 1.239E+02 5.076E-18
 1.245E+02 5.007E-18
 1.251E+02 4.940E-18
 1.256E+02 4.873E-18
 1.262E+02 4.807E-18
 1.268E+02 4.742E-18
 1.274E+02 4.678E-18
 1.279E+02 4.615E-18
 1.285E+02 4.553E-18
 1.291E+02 4.492E-18
 1.297E+02 4.431E-18
 1.303E+02 4.371E-18
 1.309E+02 4.312E-18
 1.315E+02 4.254E-18
 1.321E+02 4.197E-18
 1.327E+02 4.140E-18
 1.333E+02 4.084E-18
 1.339E+02 4.029E-18
 1.345E+02 3.975E-18
 1.351E+02 3.921E-18
 1.358E+02 3.868E-18
 1.364E+02 3.816E-18
 1.370E+02 3.764E-18
 1.376E+02 3.714E-18
 1.383E+02 3.663E-18
 1.389E+02 3.614E-18
 1.395E+02 3.565E-18
 1.402E+02 3.517E-18
 1.408E+02 3.470E-18
 1.414E+02 3.423E-18
 1.421E+02 3.377E-18
 1.427E+02 3.331E-18
 1.434E+02 3.286E-18
 1.440E+02 3.242E-18
 1.447E+02 3.198E-18
 1.454E+02 3.155E-18
 1.460E+02 3.112E-18
 1.467E+02 3.070E-18
 1.474E+02 3.029E-18
 1.480E+02 2.988E-18
 1.487E+02 2.947E-18
 1.494E+02 2.908E-18
 1.501E+02 2.868E-18
 1.507E+02 2.830E-18
 1.514E+02 2.791E-18
 1.521E+02 2.754E-18
 1.528E+02 2.717E-18
 1.535E+02 2.680E-18
 1.542E+02 2.644E-18
 1.549E+02 2.608E-18
 1.556E+02 2.573E-18
 1.563E+02 2.538E-18
 1.571E+02 2.504E-18
 1.578E+02 2.470E-18
 1.585E+02 2.437E-18
 1.592E+02 2.404E-18
 1.599E+02 2.371E-18
 1.607E+02 2.339E-18
 1.614E+02 2.308E-18
 1.621E+02 2.277E-18
 1.629E+02 2.246E-18
 1.636E+02 2.216E-18
 1.644E+02 2.186E-18
 1.651E+02 2.157E-18
 1.659E+02 2.128E-18
 1.666E+02 2.099E-18
 1.674E+02 2.071E-18
 1.682E+02 2.043E-18
 1.689E+02 2.016E-18
 1.697E+02 1.989E-18
 1.705E+02 1.962E-18
 1.713E+02 1.936E-18
 1.720E+02 1.910E-18
 1.728E+02 1.885E-18
 1.736E+02 1.860E-18
 1.744E+02 1.835E-18
 1.752E+02 1.811E-18
 1.760E+02 1.787E-18
 1.768E+02 1.763E-18
 1.776E+02 1.740E-18
 1.784E+02 1.718E-18
 1.792E+02 1.695E-18
 1.800E+02 1.673E-18
 1.809E+02 1.652E-18
 1.817E+02 1.631E-18
 1.825E+02 1.610E-18
 1.834E+02 1.590E-18
 1.842E+02 1.571E-18
 1.850E+02 1.551E-18
 1.859E+02 1.533E-18
 1.867E+02 1.515E-18
 1.876E+02 1.497E-18
 1.884E+02 1.480E-18
 1.893E+02 1.463E-18
 1.902E+02 1.447E-18
 1.910E+02 1.432E-18
 1.919E+02 1.417E-18
 1.928E+02 1.403E-18
 1.937E+02 1.390E-18
 1.945E+02 1.378E-18
 1.954E+02 1.366E-18
 1.963E+02 1.356E-18
 1.972E+02 1.346E-18
 1.981E+02 1.337E-18
 1.990E+02 1.330E-18
 1.999E+02 1.323E-18
 2.008E+02 1.318E-18
 2.018E+02 1.315E-18
 2.027E+02 1.312E-18
 2.036E+02 1.312E-18
 2.045E+02 1.313E-18
 2.055E+02 1.316E-18
 2.064E+02 1.321E-18
 2.074E+02 1.328E-18
 2.083E+02 1.337E-18
 2.093E+02 1.349E-18
 2.102E+02 1.364E-18
 2.112E+02 1.381E-18
 2.121E+02 1.402E-18
 2.131E+02 1.426E-18
 2.141E+02 1.454E-18
 2.150E+02 1.486E-18
 2.160E+02 1.523E-18
 2.170E+02 1.564E-18
 2.180E+02 1.610E-18
 2.190E+02 1.662E-18
 2.200E+02 1.720E-18
 2.210E+02 1.784E-18
 2.220E+02 1.855E-18
 2.230E+02 1.934E-18
 2.240E+02 2.020E-18
 2.251E+02 2.116E-18
 2.261E+02 2.221E-18
 2.271E+02 2.336E-18
 2.282E+02 2.462E-18
 2.292E+02 2.600E-18
 2.303E+02 2.751E-18
 2.313E+02 2.916E-18
 2.324E+02 3.095E-18
 2.334E+02 3.291E-18
 2.345E+02 3.503E-18
 2.356E+02 3.734E-18
 2.366E+02 3.984E-18
 2.377E+02 4.256E-18
 2.388E+02 4.551E-18
 2.399E+02 4.870E-18
 2.410E+02 5.215E-18
 2.421E+02 5.589E-18
 2.432E+02 5.993E-18
 2.443E+02 6.429E-18
 2.454E+02 6.899E-18
 2.465E+02 7.407E-18
 2.477E+02 7.954E-18
 2.488E+02 8.544E-18
 2.499E+02 9.179E-18
 2.511E+02 9.863E-18
 2.522E+02 1.060E-17
 2.534E+02 1.139E-17
 2.545E+02 1.224E-17
 2.557E+02 1.315E-17
 2.568E+02 1.413E-17
 2.580E+02 1.518E-17
 2.592E+02 1.631E-17
 2.604E+02 1.751E-17
 2.616E+02 1.881E-17
 2.628E+02 2.019E-17
 2.640E+02 2.168E-17
 2.652E+02 2.326E-17
 2.664E+02 2.496E-17
 2.676E+02 2.678E-17
 2.688E+02 2.871E-17
 2.700E+02 3.078E-17
 2.713E+02 3.299E-17
 2.725E+02 3.535E-17
 2.738E+02 3.787E-17
 2.750E+02 4.055E-17
 2.763E+02 4.341E-17
 2.775E+02 4.645E-17
 2.788E+02 4.969E-17
 2.801E+02 5.314E-17
 2.813E+02 5.681E-17
 2.826E+02 6.072E-17
 2.839E+02 6.487E-17
 2.852E+02 6.928E-17
 2.865E+02 7.397E-17
 2.878E+02 7.894E-17
 2.891E+02 8.422E-17
 2.905E+02 8.982E-17
 2.918E+02 9.577E-17
 2.931E+02 1.021E-16
 2.945E+02 1.087E-16
 2.958E+02 1.158E-16
 2.971E+02 1.233E-16
 2.985E+02 1.312E-16
 2.999E+02 1.396E-16
 3.012E+02 1.485E-16
 3.026E+02 1.579E-16
 3.040E+02 1.678E-16
 3.054E+02 1.783E-16
 3.068E+02 1.893E-16
 3.082E+02 2.010E-16
 3.096E+02 2.133E-16
 3.110E+02 2.263E-16
 3.124E+02 2.400E-16
 3.138E+02 2.545E-16
 3.153E+02 2.697E-16
 3.167E+02 2.858E-16
 3.182E+02 3.027E-16
 3.196E+02 3.205E-16
 3.211E+02 3.392E-16
 3.225E+02 3.589E-16
 3.240E+02 3.796E-16
 3.255E+02 4.014E-16
 3.270E+02 4.243E-16
 3.285E+02 4.483E-16
 3.300E+02 4.736E-16
 3.315E+02 5.001E-16
 3.330E+02 5.279E-16
 3.345E+02 5.571E-16
 3.360E+02 5.877E-16
 3.376E+02 6.198E-16
 3.391E+02 6.534E-16
 3.407E+02 6.886E-16
 3.422E+02 7.255E-16
 3.438E+02 7.641E-16
 3.453E+02 8.046E-16
 3.469E+02 8.469E-16
 3.485E+02 8.911E-16
 3.501E+02 9.374E-16
 3.517E+02 9.857E-16
 3.533E+02 1.036E-15
 3.549E+02 1.089E-15
 3.565E+02 1.144E-15
 3.582E+02 1.202E-15
 3.598E+02 1.262E-15
 3.614E+02 1.324E-15
 3.631E+02 1.390E-15
 3.647E+02 1.458E-15
 3.664E+02 1.529E-15
 3.681E+02 1.603E-15
 3.698E+02 1.680E-15
 3.714E+02 1.760E-15
 3.731E+02 1.844E-15
 3.748E+02 1.931E-15
 3.766E+02 2.021E-15
 3.783E+02 2.115E-15
 3.800E+02 2.213E-15
 3.817E+02 2.315E-15
 3.835E+02 2.420E-15
 3.852E+02 2.530E-15
 3.870E+02 2.644E-15
 3.888E+02 2.762E-15
 3.905E+02 2.885E-15
 3.923E+02 3.012E-15
 3.941E+02 3.145E-15
 3.959E+02 3.282E-15
 3.977E+02 3.424E-15
 3.995E+02 3.571E-15
 4.014E+02 3.724E-15
 4.032E+02 3.882E-15
 4.050E+02 4.045E-15
 4.069E+02 4.215E-15
 4.087E+02 4.390E-15
 4.106E+02 4.571E-15
 4.125E+02 4.759E-15
 4.144E+02 4.953E-15
 4.162E+02 5.153E-15
 4.181E+02 5.360E-15
 4.201E+02 5.574E-15
 4.220E+02 5.796E-15
 4.239E+02 6.024E-15
 4.258E+02 6.260E-15
 4.278E+02 6.503E-15
 4.297E+02 6.754E-15
 4.317E+02 7.013E-15
 4.337E+02 7.280E-15
 4.356E+02 7.555E-15
 4.376E+02 7.839E-15
 4.396E+02 8.131E-15
 4.416E+02 8.432E-15
 4.437E+02 8.742E-15
 4.457E+02 9.061E-15
 4.477E+02 9.390E-15
 4.498E+02 9.728E-15
 4.518E+02 1.008E-14
 4.539E+02 1.043E-14
 4.559E+02 1.080E-14
 4.580E+02 1.118E-14
 4.601E+02 1.157E-14
 4.622E+02 1.197E-14
 4.643E+02 1.238E-14
 4.664E+02 1.280E-14
 4.686E+02 1.323E-14
 4.707E+02 1.367E-14
 4.729E+02 1.413E-14
 4.750E+02 1.460E-14
 4.772E+02 1.508E-14
 4.794E+02 1.557E-14
 4.816E+02 1.607E-14
 4.838E+02 1.659E-14
 4.860E+02 1.711E-14
 4.882E+02 1.766E-14
 4.904E+02 1.821E-14
 4.926E+02 1.878E-14
 4.949E+02 1.936E-14
 4.972E+02 1.996E-14
 4.994E+02 2.056E-14
 5.017E+02 2.119E-14
 5.040E+02 2.182E-14
 5.063E+02 2.247E-14
 5.086E+02 2.314E-14
 5.109E+02 2.382E-14
 5.133E+02 2.451E-14
 5.156E+02 2.522E-14
 5.180E+02 2.595E-14
 5.203E+02 2.669E-14
 5.227E+02 2.744E-14
 5.251E+02 2.821E-14
 5.275E+02 2.900E-14
 5.299E+02 2.980E-14
 5.323E+02 3.062E-14
 5.347E+02 3.145E-14
 5.372E+02 3.230E-14
 5.396E+02 3.317E-14
 5.421E+02 3.405E-14
 5.446E+02 3.495E-14
 5.471E+02 3.586E-14
 5.496E+02 3.679E-14
 5.521E+02 3.774E-14
 5.546E+02 3.871E-14
 5.571E+02 3.969E-14
 5.597E+02 4.069E-14
 5.622E+02 4.170E-14
 5.648E+02 4.273E-14
 5.674E+02 4.378E-14
 5.699E+02 4.485E-14
 5.725E+02 4.594E-14
 5.752E+02 4.704E-14
 5.778E+02 4.815E-14
 5.804E+02 4.929E-14
 5.831E+02 5.044E-14
 5.857E+02 5.161E-14
 5.884E+02 5.280E-14
 5.911E+02 5.401E-14
 5.938E+02 5.523E-14
 5.965E+02 5.647E-14
 5.992E+02 5.772E-14
 6.020E+02 5.900E-14
 6.047E+02 6.029E-14
 6.075E+02 6.160E-14
 6.102E+02 6.292E-14
 6.130E+02 6.427E-14
 6.158E+02 6.562E-14
 6.186E+02 6.700E-14
 6.215E+02 6.839E-14
 6.243E+02 6.980E-14
 6.272E+02 7.123E-14
 6.300E+02 7.267E-14
 6.329E+02 7.413E-14
 6.358E+02 7.560E-14
 6.387E+02 7.710E-14
 6.416E+02 7.860E-14
 6.445E+02 8.012E-14
 6.475E+02 8.166E-14
 6.504E+02 8.322E-14
 6.534E+02 8.479E-14
 6.564E+02 8.637E-14
 6.594E+02 8.797E-14
 6.624E+02 8.958E-14
 6.654E+02 9.121E-14
 6.684E+02 9.286E-14
 6.715E+02 9.451E-14
 6.746E+02 9.618E-14
 6.776E+02 9.787E-14
 6.807E+02 9.957E-14
 6.838E+02 1.013E-13
 6.870E+02 1.030E-13
 6.901E+02 1.047E-13
 6.932E+02 1.065E-13
 6.964E+02 1.083E-13
 6.996E+02 1.100E-13
 7.028E+02 1.118E-13
 7.060E+02 1.136E-13
 7.092E+02 1.154E-13
 7.125E+02 1.172E-13
 7.157E+02 1.191E-13
 7.190E+02 1.209E-13
 7.223E+02 1.227E-13
 7.256E+02 1.246E-13
 7.289E+02 1.265E-13
 7.322E+02 1.284E-13
 7.355E+02 1.302E-13
 7.389E+02 1.321E-13
 7.423E+02 1.340E-13
 7.457E+02 1.359E-13
 7.491E+02 1.378E-13
 7.525E+02 1.398E-13
 7.559E+02 1.417E-13
 7.594E+02 1.436E-13
 7.628E+02 1.456E-13
 7.663E+02 1.475E-13
 7.698E+02 1.495E-13
 7.733E+02 1.514E-13
 7.769E+02 1.534E-13
 7.804E+02 1.553E-13
 7.840E+02 1.573E-13
 7.875E+02 1.593E-13
 7.911E+02 1.612E-13
 7.947E+02 1.632E-13
 7.984E+02 1.652E-13
 8.020E+02 1.671E-13
 8.057E+02 1.691E-13
 8.094E+02 1.711E-13
 8.131E+02 1.731E-13
 8.168E+02 1.750E-13
 8.205E+02 1.770E-13
 8.242E+02 1.790E-13
 8.280E+02 1.810E-13
 8.318E+02 1.829E-13
 8.356E+02 1.849E-13
 8.394E+02 1.868E-13
 8.432E+02 1.888E-13
 8.471E+02 1.908E-13
 8.509E+02 1.927E-13
 8.548E+02 1.946E-13
 8.587E+02 1.966E-13
 8.626E+02 1.985E-13
 8.666E+02 2.004E-13
 8.705E+02 2.024E-13
 8.745E+02 2.043E-13
 8.785E+02 2.062E-13
 8.825E+02 2.081E-13
 8.865E+02 2.100E-13
 8.906E+02 2.119E-13
 8.947E+02 2.137E-13
 8.987E+02 2.156E-13
 9.028E+02 2.174E-13
 9.070E+02 2.193E-13
 9.111E+02 2.211E-13
 9.153E+02 2.229E-13
 9.194E+02 2.247E-13
 9.236E+02 2.265E-13
 9.279E+02 2.283E-13
 9.321E+02 2.301E-13
 9.363E+02 2.318E-13
 9.406E+02 2.336E-13
 9.449E+02 2.353E-13
 9.492E+02 2.370E-13
 9.536E+02 2.387E-13
 9.579E+02 2.404E-13
 9.623E+02 2.421E-13
 9.667E+02 2.438E-13
 9.711E+02 2.454E-13
 9.755E+02 2.470E-13
 9.800E+02 2.486E-13
 9.845E+02 2.502E-13
 9.890E+02 2.518E-13
 9.935E+02 2.534E-13
 9.980E+02 2.549E-13
 1.003E+03 2.564E-13
 1.007E+03 2.579E-13
 1.012E+03 2.594E-13
 1.016E+03 2.609E-13
 1.021E+03 2.623E-13
 1.026E+03 2.637E-13
 1.030E+03 2.651E-13
 1.035E+03 2.665E-13
 1.040E+03 2.679E-13
 1.045E+03 2.692E-13
 1.049E+03 2.706E-13
 1.054E+03 2.719E-13
 1.059E+03 2.731E-13
 1.064E+03 2.744E-13
 1.069E+03 2.756E-13
 1.073E+03 2.768E-13
 1.078E+03 2.780E-13
 1.083E+03 2.792E-13
 1.088E+03 2.804E-13
 1.093E+03 2.815E-13
 1.098E+03 2.826E-13
 1.103E+03 2.837E-13
 1.108E+03 2.847E-13
 1.113E+03 2.858E-13
 1.118E+03 2.868E-13
 1.123E+03 2.877E-13
 1.129E+03 2.887E-13
 1.134E+03 2.896E-13
 1.139E+03 2.906E-13
 1.144E+03 2.914E-13
 1.149E+03 2.923E-13
 1.155E+03 2.932E-13
 1.160E+03 2.940E-13
 1.165E+03 2.948E-13
 1.170E+03 2.955E-13
 1.176E+03 2.963E-13
 1.181E+03 2.970E-13
 1.187E+03 2.977E-13
 1.192E+03 2.984E-13
 1.197E+03 2.990E-13
 1.203E+03 2.996E-13
 1.208E+03 3.002E-13
 1.214E+03 3.008E-13
 1.219E+03 3.013E-13
 1.225E+03 3.018E-13
 1.231E+03 3.023E-13
 1.236E+03 3.028E-13
 1.242E+03 3.033E-13
 1.248E+03 3.037E-13
 1.253E+03 3.041E-13
 1.259E+03 3.044E-13
 1.265E+03 3.048E-13
 1.270E+03 3.051E-13
 1.276E+03 3.054E-13
 1.282E+03 3.057E-13
 1.288E+03 3.059E-13
 1.294E+03 3.061E-13
 1.300E+03 3.063E-13
 1.306E+03 3.065E-13
 1.312E+03 3.067E-13
 1.318E+03 3.068E-13
 1.324E+03 3.069E-13
 1.330E+03 3.070E-13
 1.336E+03 3.070E-13
 1.342E+03 3.071E-13
 1.348E+03 3.071E-13
 1.354E+03 3.070E-13
 1.360E+03 3.070E-13
 1.367E+03 3.069E-13
 1.373E+03 3.069E-13
 1.379E+03 3.067E-13
 1.385E+03 3.066E-13
 1.392E+03 3.065E-13
 1.398E+03 3.063E-13
 1.404E+03 3.061E-13
 1.411E+03 3.059E-13
 1.417E+03 3.056E-13
 1.424E+03 3.054E-13
 1.430E+03 3.051E-13
 1.437E+03 3.048E-13
 1.443E+03 3.044E-13
 1.450E+03 3.041E-13
 1.456E+03 3.037E-13
 1.463E+03 3.033E-13
 1.470E+03 3.029E-13
 1.477E+03 3.025E-13
 1.483E+03 3.020E-13
 1.490E+03 3.015E-13
 1.497E+03 3.011E-13
 1.504E+03 3.005E-13
 1.511E+03 3.000E-13
 1.517E+03 2.995E-13
 1.524E+03 2.989E-13
 1.531E+03 2.983E-13
 1.538E+03 2.977E-13
 1.545E+03 2.971E-13
 1.552E+03 2.964E-13
 1.559E+03 2.958E-13
 1.567E+03 2.951E-13
 1.574E+03 2.944E-13
 1.581E+03 2.937E-13
 1.588E+03 2.930E-13
 1.595E+03 2.922E-13
 1.603E+03 2.915E-13
 1.610E+03 2.907E-13
 1.617E+03 2.899E-13
 1.625E+03 2.891E-13
 1.632E+03 2.883E-13
 1.640E+03 2.874E-13
 1.647E+03 2.866E-13
 1.655E+03 2.857E-13
 1.662E+03 2.848E-13
 1.670E+03 2.839E-13
 1.677E+03 2.830E-13
 1.685E+03 2.821E-13
 1.693E+03 2.812E-13
 1.700E+03 2.802E-13
 1.708E+03 2.793E-13
 1.716E+03 2.783E-13
 1.724E+03 2.773E-13
 1.732E+03 2.763E-13
 1.740E+03 2.753E-13
 1.748E+03 2.743E-13
 1.756E+03 2.732E-13
 1.764E+03 2.722E-13
 1.772E+03 2.711E-13
 1.780E+03 2.701E-13
 1.788E+03 2.690E-13
 1.796E+03 2.679E-13
 1.804E+03 2.668E-13
 1.812E+03 2.657E-13
 1.821E+03 2.646E-13
 1.829E+03 2.634E-13
 1.837E+03 2.623E-13
 1.846E+03 2.612E-13
 1.854E+03 2.600E-13
 1.863E+03 2.588E-13
 1.871E+03 2.577E-13
 1.880E+03 2.565E-13
 1.888E+03 2.553E-13
 1.897E+03 2.541E-13
 1.906E+03 2.529E-13
 1.914E+03 2.517E-13
 1.923E+03 2.505E-13
 1.932E+03 2.493E-13
 1.941E+03 2.481E-13
 1.949E+03 2.468E-13
 1.958E+03 2.456E-13
 1.967E+03 2.443E-13
 1.976E+03 2.431E-13
 1.985E+03 2.418E-13
 1.994E+03 2.406E-13
 2.003E+03 2.393E-13
 2.013E+03 2.381E-13
 2.022E+03 2.368E-13
 2.031E+03 2.355E-13
 2.040E+03 2.342E-13
 2.050E+03 2.329E-13
 2.059E+03 2.317E-13
 2.068E+03 2.304E-13
 2.078E+03 2.291E-13
 2.087E+03 2.278E-13
 2.097E+03 2.265E-13
 2.106E+03 2.252E-13
 2.116E+03 2.239E-13
 2.126E+03 2.226E-13
 2.135E+03 2.212E-13
 2.145E+03 2.199E-13
 2.155E+03 2.186E-13
 2.165E+03 2.173E-13
 2.175E+03 2.160E-13
 2.184E+03 2.147E-13
 2.194E+03 2.134E-13
 2.204E+03 2.120E-13
 2.215E+03 2.107E-13
 2.225E+03 2.094E-13
 2.235E+03 2.081E-13
 2.245E+03 2.068E-13
 2.255E+03 2.055E-13
 2.266E+03 2.041E-13
 2.276E+03 2.028E-13
 2.286E+03 2.015E-13
 2.297E+03 2.002E-13
 2.307E+03 1.989E-13
 2.318E+03 1.975E-13
 2.328E+03 1.962E-13
 2.339E+03 1.949E-13
 2.350E+03 1.936E-13
 2.360E+03 1.923E-13
 2.371E+03 1.910E-13
 2.382E+03 1.897E-13
 2.393E+03 1.884E-13
 2.404E+03 1.871E-13
 2.415E+03 1.858E-13
 2.426E+03 1.845E-13
 2.437E+03 1.832E-13
 2.448E+03 1.819E-13
 2.459E+03 1.806E-13
 2.470E+03 1.793E-13
 2.482E+03 1.780E-13
 2.493E+03 1.767E-13
 2.504E+03 1.754E-13
 2.516E+03 1.742E-13
 2.527E+03 1.729E-13
 2.539E+03 1.716E-13
 2.550E+03 1.704E-13
 2.562E+03 1.691E-13
 2.574E+03 1.678E-13
 2.585E+03 1.666E-13
 2.597E+03 1.653E-13
 2.609E+03 1.641E-13
 2.621E+03 1.628E-13
 2.633E+03 1.616E-13
 2.645E+03 1.604E-13
 2.657E+03 1.591E-13
 2.669E+03 1.579E-13
 2.681E+03 1.567E-13
 2.694E+03 1.555E-13
 2.706E+03 1.542E-13
 2.718E+03 1.530E-13
 2.731E+03 1.518E-13
 2.743E+03 1.506E-13
 2.756E+03 1.494E-13
 2.768E+03 1.482E-13
 2.781E+03 1.471E-13
 2.794E+03 1.459E-13
 2.806E+03 1.447E-13
 2.819E+03 1.435E-13
 2.832E+03 1.424E-13
 2.845E+03 1.412E-13
 2.858E+03 1.400E-13
 2.871E+03 1.389E-13
 2.884E+03 1.377E-13
 2.897E+03 1.366E-13
 2.910E+03 1.355E-13
 2.924E+03 1.343E-13
 2.937E+03 1.332E-13
 2.951E+03 1.321E-13
 2.964E+03 1.310E-13
 2.978E+03 1.299E-13
 2.991E+03 1.288E-13
 3.005E+03 1.277E-13
 3.019E+03 1.266E-13
 3.032E+03 1.255E-13
 3.046E+03 1.244E-13
 3.060E+03 1.234E-13
 3.074E+03 1.223E-13
 3.088E+03 1.213E-13
 3.102E+03 1.202E-13
 3.116E+03 1.192E-13
 3.131E+03 1.181E-13
 3.145E+03 1.171E-13
 3.159E+03 1.160E-13
 3.174E+03 1.150E-13
 3.188E+03 1.140E-13
 3.203E+03 1.130E-13
 3.217E+03 1.120E-13
 3.232E+03 1.110E-13
 3.247E+03 1.100E-13
 3.262E+03 1.090E-13
 3.276E+03 1.080E-13
 3.291E+03 1.071E-13
 3.306E+03 1.061E-13
 3.321E+03 1.051E-13
 3.337E+03 1.042E-13
 3.352E+03 1.032E-13
 3.367E+03 1.023E-13
 3.383E+03 1.013E-13
 3.398E+03 1.004E-13
 3.413E+03 9.948E-14
 3.429E+03 9.857E-14
 3.445E+03 9.765E-14
 3.460E+03 9.675E-14
 3.476E+03 9.585E-14
 3.492E+03 9.495E-14
 3.508E+03 9.406E-14
 3.524E+03 9.318E-14
 3.540E+03 9.231E-14
 3.556E+03 9.144E-14
 3.573E+03 9.057E-14
 3.589E+03 8.972E-14
 3.605E+03 8.887E-14
 3.622E+03 8.802E-14
 3.638E+03 8.718E-14
 3.655E+03 8.635E-14
 3.672E+03 8.552E-14
 3.688E+03 8.470E-14
 3.705E+03 8.389E-14
 3.722E+03 8.308E-14
 3.739E+03 8.228E-14
 3.756E+03 8.148E-14
 3.773E+03 8.069E-14
 3.790E+03 7.991E-14
 3.808E+03 7.913E-14
 3.825E+03 7.835E-14
 3.843E+03 7.759E-14
 3.860E+03 7.683E-14
 3.878E+03 7.607E-14
 3.895E+03 7.532E-14
 3.913E+03 7.458E-14
 3.931E+03 7.384E-14
 3.949E+03 7.311E-14
 3.967E+03 7.239E-14
 3.985E+03 7.167E-14
 4.003E+03 7.096E-14
 4.022E+03 7.025E-14
 4.040E+03 6.954E-14
 4.058E+03 6.885E-14
 4.077E+03 6.816E-14
 4.096E+03 6.747E-14
 4.114E+03 6.679E-14
 4.133E+03 6.612E-14
 4.152E+03 6.545E-14
 4.171E+03 6.479E-14
 4.190E+03 6.413E-14
 4.209E+03 6.348E-14
 4.228E+03 6.283E-14
 4.248E+03 6.219E-14
 4.267E+03 6.156E-14
 4.286E+03 6.093E-14
 4.306E+03 6.030E-14
 4.326E+03 5.968E-14
 4.345E+03 5.907E-14
 4.365E+03 5.846E-14
 4.385E+03 5.786E-14
 4.405E+03 5.726E-14
 4.425E+03 5.666E-14
 4.446E+03 5.608E-14
 4.466E+03 5.549E-14
 4.486E+03 5.492E-14
 4.507E+03 5.434E-14
 4.527E+03 5.378E-14
 4.548E+03 5.321E-14
 4.569E+03 5.266E-14
 4.590E+03 5.210E-14
 4.611E+03 5.156E-14
 4.632E+03 5.102E-14
 4.653E+03 5.048E-14
 4.674E+03 4.994E-14
 4.695E+03 4.942E-14
 4.717E+03 4.889E-14
 4.738E+03 4.838E-14
 4.760E+03 4.786E-14
 4.782E+03 4.735E-14
 4.803E+03 4.685E-14
 4.825E+03 4.635E-14
 4.847E+03 4.585E-14
 4.870E+03 4.536E-14
 4.892E+03 4.488E-14
 4.914E+03 4.440E-14
 4.936E+03 4.392E-14
 4.959E+03 4.345E-14
 4.982E+03 4.298E-14
 5.004E+03 4.252E-14
 5.027E+03 4.206E-14
 5.050E+03 4.160E-14
 5.073E+03 4.115E-14
 5.096E+03 4.071E-14
 5.120E+03 4.027E-14
 5.143E+03 3.983E-14
 5.167E+03 3.940E-14
 5.190E+03 3.897E-14
 5.214E+03 3.854E-14
 5.238E+03 3.812E-14
 5.262E+03 3.770E-14
 5.286E+03 3.729E-14
 5.310E+03 3.688E-14
 5.334E+03 3.648E-14
 5.358E+03 3.608E-14
 5.383E+03 3.568E-14
 5.407E+03 3.529E-14
 5.432E+03 3.490E-14
 5.457E+03 3.451E-14
 5.482E+03 3.413E-14
 5.507E+03 3.375E-14
 5.532E+03 3.338E-14
 5.557E+03 3.301E-14
 5.582E+03 3.264E-14
 5.608E+03 3.228E-14
 5.634E+03 3.192E-14
 5.659E+03 3.156E-14
 5.685E+03 3.121E-14
 5.711E+03 3.086E-14
 5.737E+03 3.052E-14
 5.763E+03 3.018E-14
 5.790E+03 2.984E-14
 5.816E+03 2.950E-14
 5.843E+03 2.917E-14
 5.869E+03 2.884E-14
 5.896E+03 2.852E-14
 5.923E+03 2.820E-14
 5.950E+03 2.788E-14
 5.977E+03 2.756E-14
 6.004E+03 2.725E-14
 6.032E+03 2.695E-14
 6.059E+03 2.664E-14
 6.087E+03 2.634E-14
 6.115E+03 2.604E-14
 6.143E+03 2.574E-14
 6.171E+03 2.545E-14
 6.199E+03 2.516E-14
 6.227E+03 2.487E-14
 6.256E+03 2.459E-14
 6.284E+03 2.431E-14
 6.313E+03 2.403E-14
 6.342E+03 2.376E-14
 6.371E+03 2.349E-14
 6.400E+03 2.322E-14
 6.429E+03 2.295E-14
 6.458E+03 2.269E-14
 6.488E+03 2.243E-14
 6.517E+03 2.217E-14
 6.547E+03 2.191E-14
 6.577E+03 2.166E-14
 6.607E+03 2.141E-14
 6.637E+03 2.116E-14
 6.668E+03 2.092E-14
 6.698E+03 2.068E-14
 6.729E+03 2.044E-14
 6.759E+03 2.020E-14
 6.790E+03 1.997E-14
 6.821E+03 1.974E-14
 6.852E+03 1.951E-14
 6.884E+03 1.928E-14
 6.915E+03 1.906E-14
 6.947E+03 1.883E-14
 6.978E+03 1.861E-14
 7.010E+03 1.840E-14
 7.042E+03 1.818E-14
 7.074E+03 1.797E-14
 7.107E+03 1.776E-14
 7.139E+03 1.755E-14
 7.172E+03 1.735E-14
 7.204E+03 1.714E-14
 7.237E+03 1.694E-14
 7.270E+03 1.674E-14
 7.303E+03 1.655E-14
 7.337E+03 1.635E-14
 7.370E+03 1.616E-14
 7.404E+03 1.597E-14
 7.438E+03 1.578E-14
 7.472E+03 1.559E-14
 7.506E+03 1.541E-14
 7.540E+03 1.523E-14
 7.574E+03 1.505E-14
 7.609E+03 1.487E-14
 7.644E+03 1.469E-14
 7.679E+03 1.452E-14
 7.714E+03 1.435E-14
 7.749E+03 1.418E-14
 7.784E+03 1.401E-14
 7.820E+03 1.384E-14
 7.856E+03 1.368E-14
 7.891E+03 1.352E-14
 7.927E+03 1.336E-14
 7.964E+03 1.320E-14
 8.000E+03 1.304E-14
