20.0 191.5511072294649 22.044235856573525
20.23 136.28862005485007 22.554168631466748
20.46 169.30571075248042 23.069932106744037
20.69 162.67829762973048 23.591526282405393
20.92 156.0420130404004 24.118951158450805
21.150000000000002 184.14165919954874 24.65220673488028
21.380000000000003 139.3137400027672 25.191293011693823
21.610000000000003 150.91342773177686 25.736209988891428
21.840000000000003 150.87121185109476 26.2869576664731
22.070000000000004 153.01977704559158 26.843536044438835
22.300000000000004 148.4110582866658 27.405945122788626
22.530000000000005 188.3385254314426 27.9741849015225
22.760000000000005 230.66823795357504 28.548255380640423
22.990000000000006 177.1765729664757 29.128156560142415
23.220000000000006 268.3027245911802 29.71388844002846
23.450000000000006 277.2784404834408 30.305451020298573
23.680000000000007 331.38460578942636 30.902844300952758
23.910000000000007 317.07988621986567 31.506068281991002
24.140000000000008 246.0980968280337 32.115122963413306
24.370000000000008 226.58089868296508 32.73000834521968
24.60000000000001 295.13965684711934 33.350724427410114
24.83000000000001 314.6599803059472 33.97727120998461
25.06000000000001 312.880032117111 34.609648692943175
25.29000000000001 367.32001479035705 35.247856876285795
25.52000000000001 436.55500331090315 35.89189576001249
25.75000000000001 427.25527333438174 36.541765344123235
25.98000000000001 384.36804049844244 37.197465628618055
26.21000000000001 406.9505095553595 37.85899661349694
26.440000000000012 505.39510568145585 38.526358298759895
26.670000000000012 560.6378789424999 39.19955068440689
26.900000000000013 576.9462569161873 39.87857377043796
27.130000000000013 709.1540849498482 40.56342755685309
27.360000000000014 963.1189908295864 41.254112043652306
27.590000000000014 1414.9500439685364 41.95062723083556
27.820000000000014 1949.4508990163386 42.65297311840289
28.050000000000015 2076.1283808706016 43.36114970635428
28.280000000000015 1661.0353440002912 44.07515699468973
28.510000000000016 1203.0232778287318 44.794994983409254
28.740000000000016 964.3930041726933 45.520663672512825
28.970000000000017 805.4238250563438 46.25216306200048
29.200000000000017 809.2511811535456 46.98949315187218
29.430000000000017 794.1804158377549 47.73265394212795
29.660000000000018 835.9724880041562 48.48164543276779
29.89000000000002 821.9717393118245 49.23646762379169
30.12000000000002 833.0406269413193 49.99712051519966
30.35000000000002 854.8290269272735 50.76360410699169
30.58000000000002 882.2619261912157 51.53591839916778
30.81000000000002 884.3731547055571 52.31406339172793
31.04000000000002 848.1755057188303 53.09803908467216
31.27000000000002 901.35428752787 53.887845478000436
31.50000000000002 892.5737321015699 54.68348257171277
31.73000000000002 966.4597135339855 55.48495036580919
31.960000000000022 1037.1474377725115 56.29224886028967
32.190000000000026 1234.2973042490446 57.10537805515422
32.42000000000002 1252.5949211111174 57.924337950402794
32.65000000000002 1340.7044712079041 58.74912854603544
32.880000000000024 1473.2062528553292 59.579749842052195
33.11000000000003 1579.925954995495 60.416201838453
33.340000000000025 1835.3000527961783 61.258484535237834
33.57000000000002 2114.427026229858 62.10659793240676
33.800000000000026 2335.276058724276 62.96054202995974
34.03000000000003 2616.1408590965348 63.8203168278968
34.260000000000026 2754.947692415989 64.6859223262179
34.49000000000002 2879.5108683345084 65.55735852492306
34.72000000000003 2599.1214991363067 66.43462542401231
34.95000000000003 2826.9625616085127 67.31772302348564
35.18000000000003 2689.1515927916485 68.20665132334298
35.410000000000025 2431.7467087144623 69.1014103235844
35.64000000000003 2471.5454093453895 70.0020000242099
35.87000000000003 2134.6696827701385 70.90842042521948
36.10000000000003 2034.00112659558 71.82067152661308
36.33000000000003 1906.121168820145 72.73875332839076
36.56000000000003 1736.950421239429 73.6626658305525
36.790000000000035 1722.0441864432412 74.59240903309835
37.02000000000003 1672.9315756166754 75.5279829360282
37.25000000000003 1607.6125168416268 76.46938753934214
37.48000000000003 1775.8115702370867 77.41662284304013
37.710000000000036 1841.2712877146812 78.36968884712223
37.94000000000003 1730.0382270736013 79.32858555158835
38.17000000000003 1954.6109987193263 80.29331295643853
38.400000000000034 2198.722718894144 81.26387106167279
38.63000000000004 2170.651270610855 82.24025986729114
38.860000000000035 2247.538064974461 83.2224793732935
39.09000000000003 2143.6729402058195 84.21052957967991
39.320000000000036 1989.1753979752925 85.20441048645044
39.55000000000004 1917.0531635224663 86.20412209360504
39.78000000000004 1989.879303449621 87.20966440114367
40.01000000000003 2016.1644381119725 88.22103740906637
40.24000000000004 2302.249733589522 89.23824111737318
40.47000000000004 2189.6761718428297 90.26127552606398
40.70000000000004 2072.684962749405 91.2901406351389
40.930000000000035 2356.262618897613 92.32483644459782
41.16000000000004 2445.045061794691 93.36536295444087
41.39000000000004 2611.3306452892853 94.41172016466798
41.62000000000004 2587.9617006730127 95.46390807527911
41.85000000000004 2834.5108989036125 96.52192668627428
42.0 2833.5114739300107 54.53528885200617
42.41 2987.992652016457 55.605222372481855
42.81999999999999 2955.2344293473257 56.6855497501639
43.22999999999999 3229.6671958693123 57.77627098505232
43.639999999999986 3384.3351051682957 58.87738607714714
44.04999999999998 3529.334733112735 59.988895026448304
44.45999999999998 3531.4360655711957 61.110797832955846
44.869999999999976 3640.6364840609644 62.243094496669784
45.27999999999997 3639.1964787571055 63.38578501759008
45.68999999999997 3709.3989980108227 64.53886939571676
46.099999999999966 3751.814230737345 65.7023476310498
46.50999999999996 3619.451370528131 66.87621972358923
46.91999999999996 3617.952789390724 68.06048567333502
47.329999999999956 3730.032111708046 69.2551454802872
47.73999999999995 3667.498653967058 70.46019914444574
48.14999999999995 3816.7914010507366 71.67564666581066
48.559999999999945 3621.867185164619 72.90148804438195
48.96999999999994 3697.1488016326975 74.13772328015962
49.37999999999994 3837.8624033191186 75.38435237314364
49.789999999999935 3925.7354710051163 76.64137532333409
50.19999999999993 4174.397156724933 77.90879213073087
50.60999999999993 4346.253843782497 79.18660279533403
51.019999999999925 4368.974077250099 80.47480731714357
51.42999999999992 4063.418855472978 81.77340569615947
51.83999999999992 3790.805485148851 83.08239793238177
52.249999999999915 3460.002589160485 84.40178402581044
52.65999999999991 3576.3238472680036 85.73156397644547
53.06999999999991 3546.8553424564493 87.07173778428687
53.479999999999905 3531.735990896934 88.42230544933466
53.8899999999999 3313.001299432144 89.78326697158883
54.2999999999999 3478.314083460572 91.15462235104933
54.709999999999894 3320.871470524562 92.53637158771627
55.11999999999989 3396.9005247518726 93.92851468158955
55.52999999999989 3209.7830504160993 95.3310516326692
55.939999999999884 3135.830164872531 96.74398244095524
56.34999999999988 3215.023920499758 98.16730710644762
56.75999999999988 3361.7190653069756 99.6010256291464
57.169999999999874 3119.654512837179 101.04513800905157
57.57999999999987 3159.812080705057 102.49964424616309
57.98999999999987 3230.1094187677936 103.96454434048097
58.399999999999864 3145.8700163600583 105.43983829200529
58.80999999999986 3222.1836926145415 106.92552610073591
59.21999999999986 3193.6582994734927 108.42160776667293
59.62999999999985 3276.93237595792 109.92808328981634
60.03999999999985 3134.5779246471902 111.44495267016612
60.44999999999985 3204.7482983183986 112.97221590772224
60.85999999999984 3177.0011740588025 114.50987300248477
61.26999999999984 3338.4838035371595 116.05792395445367
61.679999999999836 3370.056135110988 117.61636876362893
62.08999999999983 3047.881296136687 119.18520743001059
62.49999999999983 3238.835421865127 120.76443995359861
62.909999999999826 3513.257213159939 122.35406633439295
63.31999999999982 3336.6676662977143 123.95408657239378
63.72999999999982 3441.989341544824 125.56450066760091
64.13999999999982 3509.3265102564983 127.1853086200144
64.54999999999981 3455.433022408262 128.8165104296343
64.95999999999981 3608.7559143348294 130.45810609646054
65.3699999999998 3708.624987916092 132.11009562049315
65.7799999999998 3424.3698032563448 133.77247900173225
66.1899999999998 3873.9043648089655 135.44525624017757
66.5999999999998 3831.1965499672024 137.12842733582931
67.00999999999979 3903.3395795864285 138.82199228868748
67.41999999999979 3818.1019466761877 140.525951098752
67.82999999999979 4244.198545128901 142.24030376602286
68.23999999999978 3972.4494169951313 143.96505029050013
68.64999999999978 4351.375618509029 145.7001906721838
69.05999999999977 4388.16878419985 147.44572491107377
69.46999999999977 4009.39348422117 149.2016530071702
69.87999999999977 4269.952065475734 150.9679749604729
70.28999999999976 4229.484104942681 152.74469077098203
70.69999999999976 4392.598985177649 154.53180043869756
71.10999999999976 4601.617331283036 156.32930396361945
71.51999999999975 4703.262731063475 158.13720134574766
71.92999999999975 4878.929975002578 159.9554925850823
72.33999999999975 4719.610218253348 161.78417768162325
72.74999999999974 4908.778979955549 163.62325663537067
73.15999999999974 5099.37618823636 165.47272944632442
73.56999999999974 5042.44186283278 167.33259611448452
73.97999999999973 4957.592140534179 169.20285663985103
74.38999999999973 5235.174178246187 171.08351102242395
74.79999999999973 5269.41466403075 172.97455926220314
75.0 5458.2232991264555 97.67030869671918
75.73 5448.45021374577 99.58087710734945
76.46000000000001 5479.84042673643 101.50995165398132
77.19000000000001 5817.880838672916 103.45753233661478
77.92000000000002 5831.158628613569 105.42361915524982
78.65000000000002 5983.248251061896 107.4082121098865
79.38000000000002 5896.522915295846 109.41131120052472
80.11000000000003 5983.434362940115 111.43291642716456
80.84000000000003 5959.543129097156 113.47302778980598
81.57000000000004 5977.096450582445 115.531645288449
82.30000000000004 5913.819777257206 117.60876892309366
83.03000000000004 6043.93540603277 119.70439869373986
83.76000000000005 5906.933774981597 121.81853460038766
84.49000000000005 6031.344674037622 123.95117664303704
85.22000000000006 5873.5319696460565 126.10232482168803
85.95000000000006 5872.3668573973855 128.2719791363406
86.68000000000006 5811.056833750298 130.46013958699479
87.41000000000007 5875.817343240822 132.6668061736506
88.14000000000007 5706.860738401795 134.89197889630796
88.87000000000008 5670.936744032973 137.13565775496693
89.60000000000008 5368.497532927475 139.39784274962744
90.33000000000008 5664.638055474049 141.6785338802896
91.06000000000009 5446.0572707649535 143.97773114695335
91.79000000000009 5308.8777470239975 146.29543454961862
92.5200000000001 5370.048642265957 148.63164408828564
93.2500000000001 5645.397541947579 150.98635976295412
93.9800000000001 5273.927059196961 153.35958157362427
94.71000000000011 4924.070902519564 155.75130952029596
95.44000000000011 4945.886058551176 158.16154360296926
96.17000000000012 4983.468210754453 160.59028382164414
96.90000000000012 5067.757511267463 163.03753017632062
97.63000000000012 4945.265782325888 165.50328266699876
98.36000000000013 5104.733865440242 167.98754129367842
99.09000000000013 4532.458542349938 170.49030605635969
99.82000000000014 4736.481732879552 173.0115769550425
100.55000000000014 4662.930089746362 175.55135398972698
101.28000000000014 4497.840428764485 178.10963716041303
102.01000000000015 4528.599665900068 180.68642646710066
102.74000000000015 4352.329984879607 183.28172190978995
103.47000000000016 4496.309269670459 185.8955234884808
104.20000000000016 4749.6696174729905 188.5278312031732
104.93000000000016 4269.180954691154 191.17864505386726
105.66000000000017 4118.0437368289295 193.84796504056283
106.39000000000017 4355.599963723777 196.53579116326006
107.12000000000018 4085.1298256904856 199.2421234219588
107.85000000000018 4119.278245875156 201.96696181665922
108.58000000000018 3806.653048539901 204.71030634736127
109.31000000000019 3795.7659077450685 207.47215701406483
110.04000000000019 3823.6123995372964 210.25251381677003
110.7700000000002 3421.783502003372 213.05137675547675
111.5000000000002 3457.9138730965 215.86874583018513
112.2300000000002 3543.778435761444 218.70462104089515
112.9600000000002 3557.4583482968537 221.55900238760663
113.69000000000021 3470.2750697800957 224.43188987031976
114.42000000000021 3814.887974580331 227.32328348903457
115.15000000000022 3069.740918467498 230.23318324375086
115.88000000000022 3596.8209140193935 233.16158913446878
116.61000000000023 3311.0622347918065 236.1085011611883
117.34000000000023 3353.3984587519853 239.07391932390945
118.07000000000023 3272.2069343102494 242.05784362263216
118.80000000000024 3325.9524709105335 245.06027405735642
119.53000000000024 3136.5921256954257 248.08121062808235
120.26000000000025 2665.2124424641215 251.12065333480984
120.99000000000025 3008.8587803943774 254.17860217753886
121.72000000000025 2852.379085753565 257.25505715626946
122.45000000000026 2449.7924802366088 260.35001827100183
123.18000000000026 2550.78227206777 263.4634855217357
123.91000000000027 2693.8757027795186 266.5954589084712
124.64000000000027 2861.189105574683 269.7459384312082
125.37000000000027 2167.0171898552894 272.91492408994685
126.10000000000028 2568.2088718477967 276.10241588468705
126.83000000000028 2915.909821651772 279.3084138154289
127.56000000000029 2846.4701436416876 282.5329178821724
128.2900000000003 1637.8850128314577 285.7759280849174
129.0200000000003 2533.035674298208 289.037444423664
129.75000000000028 2307.234579461062 292.3174668984122
130.0 2474.9030158219553 166.05803250872344
131.29 2449.4817810245695 169.36999708122784
132.57999999999998 2287.649801493035 172.71466427762536
133.86999999999998 2345.6609054970727 176.09203409791613
135.15999999999997 2166.7362550566445 179.50210654210017
136.44999999999996 2295.068834033152 182.94488161017736
137.73999999999995 2243.4300907961433 186.42035930214783
139.02999999999994 1968.9051906681834 189.92853961801157
140.31999999999994 1799.0282660241423 193.4694225577685
141.60999999999993 1855.844213419971 197.04300812141867
142.89999999999992 1951.7935647182417 200.649296308962
144.1899999999999 1698.152635998082 204.28828712039862
145.4799999999999 1568.4718835765318 207.9599805557284
146.7699999999999 1582.87129112514 211.66437661495152
148.0599999999999 1903.926947685598 215.40147529806777
149.34999999999988 1846.9319183787773 219.17127660507725
150.63999999999987 1572.762501250707 222.97378053597998
151.92999999999986 1801.4902339465027 226.80898709077596
153.21999999999986 1286.5858366957243 230.67689626946515
154.50999999999985 1319.1826807796845 234.57750807204758
155.79999999999984 2061.7927198547577 238.51082249852317
157.08999999999983 1362.8891107404515 242.47683954889206
158.37999999999982 1425.9914795095585 246.4755592231542
159.66999999999982 1246.1422322135609 250.50698152130943
160.9599999999998 1509.3482883880588 254.57110644335802
162.2499999999998 1326.2398294772183 258.66793398929974
163.5399999999998 1264.477280868626 262.7974641591348
164.82999999999979 1469.4408138585097 266.95969695286294
166.11999999999978 1289.1129238332687 271.1546323704844
167.40999999999977 1207.0845124483205 275.3822704119992
168.69999999999976 1045.2347168773917 279.642611077407
169.98999999999975 1079.6066327529372 283.9356543667082
171.27999999999975 1097.6948499652317 288.2614002799025
172.56999999999974 1368.1297499849393 292.61984881699004
173.85999999999973 972.2213104491053 297.0109999779709
175.14999999999972 1497.7188154588655 301.43485376284485
176.4399999999997 879.9191553933265 305.8914101716122
177.7299999999997 344.740906894241 310.38066920427264
179.0199999999997 600.4698376614251 314.9026308608264
180.3099999999997 706.0726547011147 319.45729514127333
181.59999999999968 141.29624056385288 324.0446620456135
182.88999999999967 751.3041555481316 328.66473157384695
184.17999999999967 619.869813501042 333.3175037259735
185.46999999999966 1148.5744113123453 338.0029785019933
186.75999999999965 1210.3866292403623 342.7211559019064
188.04999999999964 300.46321104452664 347.47203592571276
189.33999999999963 852.6317994885547 352.2556185734124
190.62999999999963 783.4697047198854 357.07190384500495
191.91999999999962 590.4328985667283 361.92089174049096
193.2099999999996 483.2702386609831 366.8025822598701
194.4999999999996 1264.8571094119443 371.7169754031426
195.7899999999996 1153.3161729717258 376.6640711703084
197.0799999999996 878.968261205551 381.6438695613671
198.36999999999958 407.2576213612129 386.6563705763192
199.65999999999957 831.34520681655 391.7015742151646
200.94999999999956 385.1535990170838 396.7794804779032
202.23999999999955 355.6689872506254 401.8900893645349
203.52999999999955 691.3061262342299 407.03340087506007
204.81999999999954 335.5567423479741 412.2094150094782
206.10999999999953 800.1854511371301 417.4181317677897
207.39999999999952 1053.8585851067764 422.6595511499944
208.68999999999951 220.99647749791333 427.93367315609214
209.9799999999995 131.13593039892413 433.24049778608344
211.2699999999995 369.3657119241662 438.5800250399679
212.5599999999995 -127.90109991681759 443.95225491774534
213.84999999999948 33.85895354174383 449.3571874194163
215.13999999999947 634.2568894653974 454.79482254498026
216.42999999999947 251.4035994650414 460.2651602944376
217.71999999999946 803.8078041438908 465.76820066778794
219.00999999999945 235.4102698069921 471.3039436650318
220.29999999999944 928.6373235890563 476.87238928616887
221.58999999999943 643.3201056957683 482.4735375311988
222.87999999999943 484.05028450102066 488.1073884001223
224.16999999999942 273.9488410865762 493.7739418929389
225.4599999999994 1211.7003832817848 499.4731980096488
226.7499999999994 96.37612774301117 505.2051567502519
228.0399999999994 162.96358669960554 510.96981811474825
229.3299999999994 -2.9712299319421343 516.7671821031378
230.61999999999938 1025.6534221153927 522.5972487154205
231.90999999999937 -684.2252971449906 528.4600179515966
233.19999999999936 78.99064314919696 534.3554898116658
234.48999999999936 939.6546264444726 540.2836642956282
235.77999999999935 241.4573990625647 546.2445414034839
237.06999999999934 649.0289180113061 552.2381211352329
238.35999999999933 -205.736440349523 558.2644034908749
239.64999999999932 869.8372494828166 564.3233884704101
240.93999999999932 207.1778362145574 570.4150760738388
242.2299999999993 -402.0986686760349 576.5394663011608
243.5199999999993 729.289684056461 582.6965591523756
244.8099999999993 1310.972460657535 588.8863546274841
246.09999999999928 618.6378201771987 595.1088527264855
247.38999999999928 214.42183514644364 601.3640534493802
248.67999999999927 -88.25944341141228 607.6519567961683
249.96999999999926 -316.3656657711825 613.9725627668493
