20.0 58.75700265421811 22.044235856573525
20.23 52.39976030669595 22.554168631466748
20.46 53.75715965036954 23.069932106744037
20.69 79.50253304217442 23.591526282405393
20.92 126.90217566029493 24.118951158450805
21.150000000000002 126.18777397803353 24.65220673488028
21.380000000000003 81.96848645898152 25.191293011693823
21.610000000000003 73.51454158976883 25.736209988891428
21.840000000000003 72.29185789854803 26.2869576664731
22.070000000000004 80.8148047061647 26.843536044438835
22.300000000000004 67.48241519298735 27.405945122788626
22.530000000000005 108.00920139324458 27.9741849015225
22.760000000000005 111.44507088436606 28.548255380640423
22.990000000000006 75.02992149370182 29.128156560142415
23.220000000000006 135.80216894188612 29.71388844002846
23.450000000000006 72.39539390101613 30.305451020298573
23.680000000000007 84.34021635379938 30.902844300952758
23.910000000000007 110.95229051272476 31.506068281991002
24.140000000000008 149.73391008471708 32.115122963413306
24.370000000000008 79.15632617127568 32.73000834521968
24.60000000000001 59.19911428841003 33.350724427410114
24.83000000000001 86.22271271622905 33.97727120998461
25.06000000000001 129.44188244550668 34.609648692943175
25.29000000000001 170.21537144152092 35.247856876285795
25.52000000000001 187.54359052367886 35.89189576001249
25.75000000000001 171.43959964698897 36.541765344123235
25.98000000000001 156.34519283317442 37.197465628618055
26.21000000000001 200.98027857413655 37.85899661349694
26.440000000000012 204.20241757450825 38.526358298759895
26.670000000000012 135.83296782748724 39.19955068440689
26.900000000000013 228.20664703287886 39.87857377043796
27.130000000000013 250.41901620995162 40.56342755685309
27.360000000000014 394.3800675700121 41.254112043652306
27.590000000000014 555.5596783884054 41.95062723083556
27.820000000000014 940.4320590370315 42.65297311840289
28.050000000000015 1065.072124696011 43.36114970635428
28.280000000000015 815.7084306216163 44.07515699468973
28.510000000000016 601.1338633287525 44.794994983409254
28.740000000000016 403.6603299067294 45.520663672512825
28.970000000000017 380.916287400543 46.25216306200048
29.200000000000017 300.57227224660534 46.98949315187218
29.430000000000017 357.73596406761106 47.73265394212795
29.660000000000018 384.4132620231421 48.48164543276779
29.89000000000002 412.40203365004777 49.23646762379169
30.12000000000002 362.3074149929694 49.99712051519966
30.35000000000002 343.10709788290995 50.76360410699169
30.58000000000002 312.19947079602196 51.53591839916778
30.81000000000002 374.3292172513132 52.31406339172793
31.04000000000002 391.96911202696674 53.09803908467216
31.27000000000002 433.1159700717523 53.887845478000436
31.50000000000002 394.0502335653901 54.68348257171277
31.73000000000002 495.0943648539379 55.48495036580919
31.960000000000022 470.6988274768772 56.29224886028967
32.190000000000026 543.7600460760358 57.10537805515422
32.42000000000002 683.3241793293446 57.924337950402794
32.65000000000002 670.1482400296226 58.74912854603544
32.880000000000024 780.7504339852177 59.579749842052195
33.11000000000003 899.5175742676488 60.416201838453
33.340000000000025 1096.0069616532498 61.258484535237834
33.57000000000002 1299.6298082158464 62.10659793240676
33.800000000000026 1535.4280385469322 62.96054202995974
34.03000000000003 1758.5923597216656 63.8203168278968
34.260000000000026 1918.0756457605657 64.6859223262179
34.49000000000002 1891.7121454173907 65.55735852492306
34.72000000000003 1889.7759992277706 66.43462542401231
34.95000000000003 1849.1010082254452 67.31772302348564
35.18000000000003 1855.8949543701326 68.20665132334298
35.410000000000025 1746.390739090287 69.1014103235844
35.64000000000003 1753.204631826777 70.0020000242099
35.87000000000003 1335.762669996856 70.90842042521948
36.10000000000003 1307.727324296407 71.82067152661308
36.33000000000003 1117.4383205754384 72.73875332839076
36.56000000000003 1057.625587025365 73.6626658305525
36.790000000000035 928.9151051162924 74.59240903309835
37.02000000000003 816.9340039169067 75.5279829360282
37.25000000000003 1009.1069197636882 76.46938753934214
37.48000000000003 941.3438102699897 77.41662284304013
37.710000000000036 786.4741926180395 78.36968884712223
37.94000000000003 1032.340635355169 79.32858555158835
38.17000000000003 928.8740184707107 80.29331295643853
38.400000000000034 1158.0989132738682 81.26387106167279
38.63000000000004 1238.9257427135224 82.24025986729114
38.860000000000035 1207.7861895966187 83.2224793732935
39.09000000000003 1046.4424687411783 84.21052957967991
39.320000000000036 943.6592642555753 85.20441048645044
39.55000000000004 761.4953682427023 86.20412209360504
39.78000000000004 788.4679613097694 87.20966440114367
40.01000000000003 440.35231640681315 88.22103740906637
40.24000000000004 423.5131491428824 89.23824111737318
40.47000000000004 474.95510511842116 90.26127552606398
40.70000000000004 372.6097832897469 91.2901406351389
40.930000000000035 364.5668470608487 92.32483644459782
41.16000000000004 151.8502929305382 93.36536295444087
41.39000000000004 319.1262784048592 94.41172016466798
41.62000000000004 268.7401481082867 95.46390807527911
41.85000000000004 309.0302091941279 96.52192668627428
42.0 230.41304269852975 54.53528885200617
42.41 284.747882874503 55.605222372481855
42.81999999999999 293.5208712575036 56.6855497501639
43.22999999999999 355.26303061479297 57.77627098505232
43.639999999999986 379.46477060465327 58.87738607714714
44.04999999999998 316.1438859152942 59.988895026448304
44.45999999999998 219.75172160436537 61.110797832955846
44.869999999999976 285.58344462394746 62.243094496669784
45.27999999999997 411.0427600574878 63.38578501759008
45.68999999999997 360.0576367445716 64.53886939571676
46.099999999999966 267.6892185847971 65.7023476310498
46.50999999999996 234.42729419259405 66.87621972358923
46.91999999999996 258.3786440779062 68.06048567333502
47.329999999999956 262.9911174424491 69.2551454802872
47.73999999999995 292.4165192070275 70.46019914444574
48.14999999999995 388.0856085257345 71.67564666581066
48.559999999999945 260.8799349732645 72.90148804438195
48.96999999999994 609.917370387097 74.13772328015962
49.37999999999994 700.4670490453096 75.38435237314364
49.789999999999935 895.9730334457307 76.64137532333409
50.19999999999993 1816.9928245352164 77.90879213073087
50.60999999999993 2647.8857033601 79.18660279533403
51.019999999999925 2415.8546878954335 80.47480731714357
51.42999999999992 1870.43313864546 81.77340569615947
51.83999999999992 1209.032822972591 83.08239793238177
52.249999999999915 1076.4110899738573 84.40178402581044
52.65999999999991 1068.3474373607717 85.73156397644547
53.06999999999991 1011.312349850543 87.07173778428687
53.479999999999905 1067.3854724273265 88.42230544933466
53.8899999999999 1152.5267907757739 89.78326697158883
54.2999999999999 1086.5434160283637 91.15462235104933
54.709999999999894 1132.6138689935315 92.53637158771627
55.11999999999989 1115.6112408223114 93.92851468158955
55.52999999999989 979.1646407244531 95.3310516326692
55.939999999999884 1198.5375012053926 96.74398244095524
56.34999999999988 1254.1396783390524 98.16730710644762
56.75999999999988 1546.2298348397558 99.6010256291464
57.169999999999874 1539.1384702546547 101.04513800905157
57.57999999999987 1088.6662980320787 102.49964424616309
57.98999999999987 1016.7138701330098 103.96454434048097
58.399999999999864 822.87760151983 105.43983829200529
58.80999999999986 778.299471081307 106.92552610073591
59.21999999999986 926.4907123066057 108.42160776667293
59.62999999999985 799.0273046179411 109.92808328981634
60.03999999999985 908.1660130886361 111.44495267016612
60.44999999999985 965.718203979207 112.97221590772224
60.85999999999984 931.5627591256579 114.50987300248477
61.26999999999984 833.1237725219453 116.05792395445367
61.679999999999836 796.393625388033 117.61636876362893
62.08999999999983 698.2063792048989 119.18520743001059
62.49999999999983 707.3505976979932 120.76443995359861
62.909999999999826 580.9084377739447 122.35406633439295
63.31999999999982 649.4397688655587 123.95408657239378
63.72999999999982 710.966115198599 125.56450066760091
64.13999999999982 754.2064017771826 127.1853086200144
64.54999999999981 566.2801832297106 128.8165104296343
64.95999999999981 663.8372265706042 130.45810609646054
65.3699999999998 633.6495976962673 132.11009562049315
65.7799999999998 694.5540134072099 133.77247900173225
66.1899999999998 386.8832803552116 135.44525624017757
66.5999999999998 595.6924023793931 137.12842733582931
67.00999999999979 663.884703337542 138.82199228868748
67.41999999999979 364.60459781473304 140.525951098752
67.82999999999979 507.9849260067827 142.24030376602286
68.23999999999978 629.2809677857139 143.96505029050013
68.64999999999978 711.6114081107555 145.7001906721838
69.05999999999977 791.3238098229018 147.44572491107377
69.46999999999977 867.0991655481271 149.2016530071702
69.87999999999977 586.6731362943168 150.9679749604729
70.28999999999976 593.7139549762505 152.74469077098203
70.69999999999976 537.3043341474231 154.53180043869756
71.10999999999976 859.152537734191 156.32930396361945
71.51999999999975 572.686828038238 158.13720134574766
71.92999999999975 1068.6124264967864 159.9554925850823
72.33999999999975 516.9296619060187 161.78417768162325
72.74999999999974 954.7489069040676 163.62325663537067
73.15999999999974 1133.8352160218237 165.47272944632442
73.56999999999974 1196.877316817432 167.33259611448452
73.97999999999973 1385.4313259061507 169.20285663985103
74.38999999999973 1153.4644299212484 171.08351102242395
74.79999999999973 1464.8416497213227 172.97455926220314
75.0 1235.512878166605 97.67030869671918
75.73 1292.9228332205744 99.58087710734945
76.46000000000001 1486.238379827229 101.50995165398132
77.19000000000001 1701.0253410488071 103.45753233661478
77.92000000000002 1429.0809200947576 105.42361915524982
78.65000000000002 1523.7501206162872 107.4082121098865
79.38000000000002 1305.053720326508 109.41131120052472
80.11000000000003 1503.3252978782955 111.43291642716456
80.84000000000003 1352.6446735631632 113.47302778980598
81.57000000000004 1360.8611944560932 115.531645288449
82.30000000000004 1332.8762160736778 117.60876892309366
83.03000000000004 1507.711085910272 119.70439869373986
83.76000000000005 1511.0486252830665 121.81853460038766
84.49000000000005 1588.2861133660513 123.95117664303704
85.22000000000006 1946.6612934552957 126.10232482168803
85.95000000000006 1785.6493027276301 128.2719791363406
86.68000000000006 1913.4720005605695 130.46013958699479
87.41000000000007 1983.1932098137245 132.6668061736506
88.14000000000007 1982.4645890975319 134.89197889630796
88.87000000000008 1974.3408268165647 137.13565775496693
89.60000000000008 2152.217262795773 139.39784274962744
90.33000000000008 2233.730651183132 141.6785338802896
91.06000000000009 2377.5776750453633 143.97773114695335
91.79000000000009 2141.721416212896 146.29543454961862
92.5200000000001 2417.1479232908837 148.63164408828564
93.2500000000001 2654.981285674522 150.98635976295412
93.9800000000001 2669.2262412838327 153.35958157362427
94.71000000000011 2751.789299975805 155.75130952029596
95.44000000000011 2749.7606778092754 158.16154360296926
96.17000000000012 3066.465719039218 160.59028382164414
96.90000000000012 2784.433128389843 163.03753017632062
97.63000000000012 3189.0864360700034 165.50328266699876
98.36000000000013 3239.031234974393 167.98754129367842
99.09000000000013 3153.8124946484263 170.49030605635969
99.82000000000014 3399.754802100105 173.0115769550425
100.55000000000014 3737.90194988645 175.55135398972698
101.28000000000014 3696.7998798755557 178.10963716041303
102.01000000000015 3638.732971433176 180.68642646710066
102.74000000000015 3975.6887692983 183.28172190978995
103.47000000000016 3626.3314091874367 185.8955234884808
104.20000000000016 4155.671349485095 188.5278312031732
104.93000000000016 4365.350671803154 191.17864505386726
105.66000000000017 4481.28579512177 193.84796504056283
106.39000000000017 4612.279662737097 196.53579116326006
107.12000000000018 4597.94709842596 199.2421234219588
107.85000000000018 4359.8925439120385 201.96696181665922
108.58000000000018 4674.8852540712915 204.71030634736127
109.31000000000019 4815.960640265817 207.47215701406483
110.04000000000019 5254.488004208192 210.25251381677003
110.7700000000002 5307.326356659217 213.05137675547675
111.5000000000002 5390.690046391837 215.86874583018513
112.2300000000002 5379.012471046595 218.70462104089515
112.9600000000002 5415.190970500948 221.55900238760663
113.69000000000021 5480.0287016982 224.43188987031976
114.42000000000021 5519.4675532266765 227.32328348903457
115.15000000000022 5887.258873679929 230.23318324375086
115.88000000000022 5968.5771530826705 233.16158913446878
116.61000000000023 5614.6278247454275 236.1085011611883
117.34000000000023 5890.168141954716 239.07391932390945
118.07000000000023 6400.155909002766 242.05784362263216
118.80000000000024 6955.762194115606 245.06027405735642
119.53000000000024 6602.138954721726 248.08121062808235
120.26000000000025 6580.252174419645 251.12065333480984
120.99000000000025 6448.977306502355 254.17860217753886
121.72000000000025 7150.07071098516 257.25505715626946
122.45000000000026 7361.691444675986 260.35001827100183
123.18000000000026 7392.911402761656 263.4634855217357
123.91000000000027 7450.517255286537 266.5954589084712
124.64000000000027 7147.590229565781 269.7459384312082
125.37000000000027 7380.615806432583 272.91492408994685
126.10000000000028 7377.2514138029765 276.10241588468705
126.83000000000028 7794.796358065237 279.3084138154289
127.56000000000029 8187.221707965667 282.5329178821724
128.2900000000003 8334.54682505461 285.7759280849174
129.0200000000003 7763.228826429545 289.037444423664
129.75000000000028 7619.31565034444 292.3174668984122
130.0 8220.93654014036 166.05803250872344
131.29 8315.526922956926 169.36999708122784
132.57999999999998 8630.32647583295 172.71466427762536
133.86999999999998 8973.260310429172 176.09203409791613
135.15999999999997 8824.400414229125 179.50210654210017
136.44999999999996 9096.738905436463 182.94488161017736
137.73999999999995 9732.119442619081 186.42035930214783
139.02999999999994 9508.385863958178 189.92853961801157
140.31999999999994 9464.321839972994 193.4694225577685
141.60999999999993 9658.523695471022 197.04300812141867
142.89999999999992 9956.67749367424 200.649296308962
144.1899999999999 10348.957169670683 204.28828712039862
145.4799999999999 10252.941723537077 207.9599805557284
146.7699999999999 10440.035047395673 211.66437661495152
148.0599999999999 10576.121036156539 215.40147529806777
149.34999999999988 10396.950820985903 219.17127660507725
150.63999999999987 10859.724422393563 222.97378053597998
151.92999999999986 10941.86193062809 226.80898709077596
153.21999999999986 10770.558340161751 230.67689626946515
154.50999999999985 11078.460652104988 234.57750807204758
155.79999999999984 10985.04917754028 238.51082249852317
157.08999999999983 11208.429575512197 242.47683954889206
158.37999999999982 11268.386544125779 246.4755592231542
159.66999999999982 11727.109397702072 250.50698152130943
160.9599999999998 11157.08634101199 254.57110644335802
162.2499999999998 11945.74100984812 258.66793398929974
163.5399999999998 11884.223394980676 262.7974641591348
164.82999999999979 11943.471809044104 266.95969695286294
166.11999999999978 12489.905890137294 271.1546323704844
167.40999999999977 11914.465436123088 275.3822704119992
168.69999999999976 12314.174990551848 279.642611077407
169.98999999999975 11952.794197924502 283.9356543667082
171.27999999999975 12593.47886793933 288.2614002799025
172.56999999999974 12296.134872452642 292.61984881699004
173.85999999999973 12502.24333859068 297.0109999779709
175.14999999999972 12100.480981555631 301.43485376284485
176.4399999999997 12454.093914179053 305.8914101716122
177.7299999999997 12765.066419922623 310.38066920427264
179.0199999999997 13118.385132200008 314.9026308608264
180.3099999999997 12830.560624611988 319.45729514127333
181.59999999999968 12954.664651782294 324.0446620456135
182.88999999999967 13394.22854587725 328.66473157384695
184.17999999999967 12259.357575285198 333.3175037259735
185.46999999999966 12546.833115334688 338.0029785019933
186.75999999999965 12801.85160791635 342.7211559019064
188.04999999999964 13641.844462926936 347.47203592571276
189.33999999999963 12726.352014253034 352.2556185734124
190.62999999999963 12759.967931003126 357.07190384500495
191.91999999999962 13719.674212407293 361.92089174049096
193.2099999999996 13683.74869583431 366.8025822598701
194.4999999999996 13481.527751767457 371.7169754031426
195.7899999999996 13174.855746453159 376.6640711703084
197.0799999999996 12517.778680968757 381.6438695613671
198.36999999999958 12730.83298029216 386.6563705763192
199.65999999999957 13228.67446037101 391.7015742151646
200.94999999999956 13623.991717541523 396.7794804779032
202.23999999999955 13048.968517465139 401.8900893645349
203.52999999999955 12743.22327016552 407.03340087506007
204.81999999999954 13220.012095800568 412.2094150094782
206.10999999999953 12939.175825340906 417.4181317677897
207.39999999999952 13448.800183642972 422.6595511499944
208.68999999999951 13439.761351884328 427.93367315609214
209.9799999999995 12394.854820559747 433.24049778608344
211.2699999999995 13272.613346067265 438.5800250399679
212.5599999999995 12726.584692639753 443.95225491774534
213.84999999999948 13478.9123898722 449.3571874194163
215.13999999999947 12488.872818220601 454.79482254498026
216.42999999999947 12415.509309073002 460.2651602944376
217.71999999999946 12347.603409937785 465.76820066778794
219.00999999999945 12575.469416902555 471.3039436650318
220.29999999999944 12497.337867984459 476.87238928616887
221.58999999999943 12778.442866035763 482.4735375311988
222.87999999999943 13389.322485473613 488.1073884001223
224.16999999999942 12366.198678986819 493.7739418929389
225.4599999999994 12449.083777121128 499.4731980096488
226.7499999999994 13566.334697925564 505.2051567502519
228.0399999999994 12352.827143458158 510.96981811474825
229.3299999999994 12473.865028339183 516.7671821031378
230.61999999999938 11787.851850965222 522.5972487154205
231.90999999999937 12134.75823062584 528.4600179515966
233.19999999999936 10601.142181147861 534.3554898116658
234.48999999999936 12962.736240822345 540.2836642956282
235.77999999999935 12668.635996358387 546.2445414034839
237.06999999999934 12821.51050696233 552.2381211352329
238.35999999999933 13155.492206341287 558.2644034908749
239.64999999999932 12781.739135114656 564.3233884704101
240.93999999999932 11313.526338155725 570.4150760738388
242.2299999999993 11556.625511913224 576.5394663011608
243.5199999999993 12524.69635319359 582.6965591523756
244.8099999999993 11926.980483992063 588.8863546274841
246.09999999999928 11798.6378618467 595.1088527264855
247.38999999999928 11417.274731641763 601.3640534493802
248.67999999999927 12068.009228625093 607.6519567961683
249.96999999999926 10793.77659092588 613.9725627668493
