20.0 89.83240043901351 22.044235856573525
20.23 64.97547476862859 22.554168631466748
20.46 124.87669347796809 23.069932106744037
20.69 96.97072799129141 23.591526282405393
20.92 53.004631059465964 24.118951158450805
21.150000000000002 100.6913277767761 24.65220673488028
21.380000000000003 49.925508791529275 25.191293011693823
21.610000000000003 97.53874145376854 25.736209988891428
21.840000000000003 90.49176666903834 26.2869576664731
22.070000000000004 82.99282748236818 26.843536044438835
22.300000000000004 66.46218362744969 27.405945122788626
22.530000000000005 118.79728216382988 27.9741849015225
22.760000000000005 76.47007557324375 28.548255380640423
22.990000000000006 66.7916891812834 29.128156560142415
23.220000000000006 103.69879583683766 29.71388844002846
23.450000000000006 78.33323656139652 30.305451020298573
23.680000000000007 119.20068028714589 30.902844300952758
23.910000000000007 166.22790082475524 31.506068281991002
24.140000000000008 113.84074887114303 32.115122963413306
24.370000000000008 124.6145261430771 32.73000834521968
24.60000000000001 47.85641143764686 33.350724427410114
24.83000000000001 125.97677053434535 33.97727120998461
25.06000000000001 131.92036103603445 34.609648692943175
25.29000000000001 106.40902294645582 35.247856876285795
25.52000000000001 150.57634567952366 35.89189576001249
25.75000000000001 212.33830503727188 36.541765344123235
25.98000000000001 192.30708988488334 37.197465628618055
26.21000000000001 221.77623976608376 37.85899661349694
26.440000000000012 282.69429764115773 38.526358298759895
26.670000000000012 191.7708247452897 39.19955068440689
26.900000000000013 293.2417319023528 39.87857377043796
27.130000000000013 287.55216898309544 40.56342755685309
27.360000000000014 443.7410669684245 41.254112043652306
27.590000000000014 774.4081899244989 41.95062723083556
27.820000000000014 1068.96704274722 42.65297311840289
28.050000000000015 1287.2449068017963 43.36114970635428
28.280000000000015 965.8817942302023 44.07515699468973
28.510000000000016 738.8420534688386 44.794994983409254
28.740000000000016 571.0196298757662 45.520663672512825
28.970000000000017 415.9499408431607 46.25216306200048
29.200000000000017 401.700324272278 46.98949315187218
29.430000000000017 389.4102998124528 47.73265394212795
29.660000000000018 449.248981522571 48.48164543276779
29.89000000000002 357.41626613674526 49.23646762379169
30.12000000000002 461.58713505801927 49.99712051519966
30.35000000000002 434.9814866293974 50.76360410699169
30.58000000000002 465.23880289664567 51.53591839916778
30.81000000000002 526.6193612311203 52.31406339172793
31.04000000000002 467.7135431223697 53.09803908467216
31.27000000000002 464.41947624281335 53.887845478000436
31.50000000000002 626.624774644642 54.68348257171277
31.73000000000002 556.4698028311125 55.48495036580919
31.960000000000022 599.5131341504558 56.29224886028967
32.190000000000026 560.507815420035 57.10537805515422
32.42000000000002 766.2866734930561 57.924337950402794
32.65000000000002 840.3059559145586 58.74912854603544
32.880000000000024 865.6666659521045 59.579749842052195
33.11000000000003 1064.9080765872673 60.416201838453
33.340000000000025 1434.0652114651045 61.258484535237834
33.57000000000002 1665.2658586108391 62.10659793240676
33.800000000000026 1812.2048200749155 62.96054202995974
34.03000000000003 2146.1580863286695 63.8203168278968
34.260000000000026 2323.992913205109 64.6859223262179
34.49000000000002 2272.3559545750395 65.55735852492306
34.72000000000003 2330.184572783049 66.43462542401231
34.95000000000003 2349.594202215826 67.31772302348564
35.18000000000003 2214.496369119918 68.20665132334298
35.410000000000025 2079.9860833717453 69.1014103235844
35.64000000000003 1980.3240440446416 70.0020000242099
35.87000000000003 1709.7265321885156 70.90842042521948
36.10000000000003 1354.7469360783437 71.82067152661308
36.33000000000003 1351.7910650394722 72.73875332839076
36.56000000000003 1219.1284749474428 73.6626658305525
36.790000000000035 1125.936075753378 74.59240903309835
37.02000000000003 1071.0067559122224 75.5279829360282
37.25000000000003 897.2310348005426 76.46938753934214
37.48000000000003 1095.2122814386885 77.41662284304013
37.710000000000036 1067.5893651952551 78.36968884712223
37.94000000000003 980.4664421607389 79.32858555158835
38.17000000000003 1012.9386244012661 80.29331295643853
38.400000000000034 1296.155483174962 81.26387106167279
38.63000000000004 1372.3823477766632 82.24025986729114
38.860000000000035 1142.6532769622252 83.2224793732935
39.09000000000003 1202.5354539756345 84.21052957967991
39.320000000000036 1031.612230366662 85.20441048645044
39.55000000000004 812.2832360452754 86.20412209360504
39.78000000000004 807.2424817703998 87.20966440114367
40.01000000000003 720.3891245429514 88.22103740906637
40.24000000000004 435.26955887340637 89.23824111737318
40.47000000000004 380.12555959334276 90.26127552606398
40.70000000000004 388.7648918047508 91.2901406351389
40.930000000000035 468.6060330144385 92.32483644459782
41.16000000000004 512.4869292203042 93.36536295444087
41.39000000000004 348.8182923369108 94.41172016466798
41.62000000000004 350.01471904901234 95.46390807527911
41.85000000000004 259.043693895549 96.52192668627428
42.0 401.338666608564 54.53528885200617
42.41 444.4183247043043 55.605222372481855
42.81999999999999 364.56413688250734 56.6855497501639
43.22999999999999 378.8211200264337 57.77627098505232
43.639999999999986 309.16711224961335 58.87738607714714
44.04999999999998 284.63223772543546 59.988895026448304
44.45999999999998 516.2297371086448 61.110797832955846
44.869999999999976 360.6272787020058 62.243094496669784
45.27999999999997 387.70789613012244 63.38578501759008
45.68999999999997 340.3904084399437 64.53886939571676
46.099999999999966 353.0221412235401 65.7023476310498
46.50999999999996 495.3828943645342 66.87621972358923
46.91999999999996 379.6118922599397 68.06048567333502
47.329999999999956 476.8004213452334 69.2551454802872
47.73999999999995 606.4741493773614 70.46019914444574
48.14999999999995 570.2681910666597 71.67564666581066
48.559999999999945 639.0889022456101 72.90148804438195
48.96999999999994 737.8359530594864 74.13772328015962
49.37999999999994 962.3526634534426 75.38435237314364
49.789999999999935 1229.1910597925496 76.64137532333409
50.19999999999993 2097.662949617146 77.90879213073087
50.60999999999993 2741.3881025757346 79.18660279533403
51.019999999999925 2426.0200605316554 80.47480731714357
51.42999999999992 1765.6791438826358 81.77340569615947
51.83999999999992 1372.0714403637976 83.08239793238177
52.249999999999915 1169.323558694544 84.40178402581044
52.65999999999991 976.636855335847 85.73156397644547
53.06999999999991 1230.161352008831 87.07173778428687
53.479999999999905 1220.1057738566676 88.42230544933466
53.8899999999999 1206.9381168252112 89.78326697158883
54.2999999999999 1242.6128681749112 91.15462235104933
54.709999999999894 1244.061826639673 92.53637158771627
55.11999999999989 1168.847708362787 93.92851468158955
55.52999999999989 1275.0319275328216 95.3310516326692
55.939999999999884 1229.1346317631157 96.74398244095524
56.34999999999988 1405.142488062104 98.16730710644762
56.75999999999988 1654.3498145675978 99.6010256291464
57.169999999999874 1443.953099732017 101.04513800905157
57.57999999999987 1625.3665581183666 102.49964424616309
57.98999999999987 1062.968178584219 103.96454434048097
58.399999999999864 1162.47449513533 105.43983829200529
58.80999999999986 1129.2928807403189 106.92552610073591
59.21999999999986 1070.3537824204777 108.42160776667293
59.62999999999985 1054.0075209362412 109.92808328981634
60.03999999999985 1127.4209090017616 111.44495267016612
60.44999999999985 1075.4905107986497 112.97221590772224
60.85999999999984 971.421764045844 114.50987300248477
61.26999999999984 1142.0526650644683 116.05792395445367
61.679999999999836 1249.9279401291503 117.61636876362893
62.08999999999983 1031.1610025928276 119.18520743001059
62.49999999999983 1159.9793465794148 120.76443995359861
62.909999999999826 1385.3519457176685 122.35406633439295
63.31999999999982 982.9058530617622 123.95408657239378
63.72999999999982 1196.872219537267 125.56450066760091
64.13999999999982 989.6412706554083 127.1853086200144
64.54999999999981 1037.8643959965316 128.8165104296343
64.95999999999981 1159.0320887415817 130.45810609646054
65.3699999999998 969.858263846522 132.11009562049315
65.7799999999998 1294.8417870637431 133.77247900173225
66.1899999999998 1192.7847536939244 135.44525624017757
66.5999999999998 1240.0492631462926 137.12842733582931
67.00999999999979 1243.3735361873 138.82199228868748
67.41999999999979 1235.868525704128 140.525951098752
67.82999999999979 1524.4990403225772 142.24030376602286
68.23999999999978 1360.6010624361081 143.96505029050013
68.64999999999978 1376.2664554277615 145.7001906721838
69.05999999999977 1434.6660997546396 147.44572491107377
69.46999999999977 1575.2504332514798 149.2016530071702
69.87999999999977 1639.1395179403546 150.9679749604729
70.28999999999976 1857.2350765022277 152.74469077098203
70.69999999999976 1762.5304891499336 154.53180043869756
71.10999999999976 1894.3342918845574 156.32930396361945
71.51999999999975 1946.6576550507004 158.13720134574766
71.92999999999975 2180.969882298368 159.9554925850823
72.33999999999975 2029.3623724640256 161.78417768162325
72.74999999999974 2256.5993145119983 163.62325663537067
73.15999999999974 2412.9857873781116 165.47272944632442
73.56999999999974 2553.4522229862896 167.33259611448452
73.97999999999973 2999.7057100114635 169.20285663985103
74.38999999999973 2764.67151377736 171.08351102242395
74.79999999999973 3111.1302932053854 172.97455926220314
75.0 3199.3436997037848 97.67030869671918
75.73 2960.018699376046 99.58087710734945
76.46000000000001 3419.9797204546485 101.50995165398132
77.19000000000001 3426.2372108304326 103.45753233661478
77.92000000000002 3827.8730225185254 105.42361915524982
78.65000000000002 3987.107198562186 107.4082121098865
79.38000000000002 3880.0653023399714 109.41131120052472
80.11000000000003 4276.095382158061 111.43291642716456
80.84000000000003 4289.893416068706 113.47302778980598
81.57000000000004 4653.402426430521 115.531645288449
82.30000000000004 4678.826173373916 117.60876892309366
83.03000000000004 4624.331107803708 119.70439869373986
83.76000000000005 4694.595448864003 121.81853460038766
84.49000000000005 4820.890163622583 123.95117664303704
85.22000000000006 5399.1442037646175 126.10232482168803
85.95000000000006 5524.358385530969 128.2719791363406
86.68000000000006 5579.240273855397 130.46013958699479
87.41000000000007 5330.334416457994 132.6668061736506
88.14000000000007 5609.310567744537 134.89197889630796
88.87000000000008 5940.413630460278 137.13565775496693
89.60000000000008 6291.188366941177 139.39784274962744
90.33000000000008 6314.067274381291 141.6785338802896
91.06000000000009 6372.41305771856 143.97773114695335
91.79000000000009 6336.506745432343 146.29543454961862
92.5200000000001 6292.409111443957 148.63164408828564
93.2500000000001 6730.948233724964 150.98635976295412
93.9800000000001 6790.470558724762 153.35958157362427
94.71000000000011 6762.911503904364 155.75130952029596
95.44000000000011 7037.586340444479 158.16154360296926
96.17000000000012 6993.092935748939 160.59028382164414
96.90000000000012 7053.7126836515035 163.03753017632062
97.63000000000012 7794.285801613172 165.50328266699876
98.36000000000013 7510.711209647529 167.98754129367842
99.09000000000013 7768.78038197575 170.49030605635969
99.82000000000014 7921.01987663757 173.0115769550425
100.55000000000014 7734.695533547998 175.55135398972698
101.28000000000014 7830.806273469064 178.10963716041303
102.01000000000015 7973.114634627243 180.68642646710066
102.74000000000015 8140.77051545817 183.28172190978995
103.47000000000016 8248.27403012834 185.8955234884808
104.20000000000016 8262.752735065022 188.5278312031732
104.93000000000016 8296.315364268536 191.17864505386726
105.66000000000017 8303.970228510501 193.84796504056283
106.39000000000017 8341.258083933757 196.53579116326006
107.12000000000018 8609.855475651864 199.2421234219588
107.85000000000018 8731.475263235347 201.96696181665922
108.58000000000018 8626.953781845406 204.71030634736127
109.31000000000019 8972.897953888432 207.47215701406483
110.04000000000019 8869.245466384338 210.25251381677003
110.7700000000002 8960.59118636585 213.05137675547675
111.5000000000002 8994.723466494957 215.86874583018513
112.2300000000002 8850.42403651002 218.70462104089515
112.9600000000002 9138.514068876724 221.55900238760663
113.69000000000021 8699.776259189768 224.43188987031976
114.42000000000021 9083.53890988948 227.32328348903457
115.15000000000022 9217.705166384447 230.23318324375086
115.88000000000022 9108.780988034165 233.16158913446878
116.61000000000023 9168.877068261827 236.1085011611883
117.34000000000023 9077.679332237769 239.07391932390945
118.07000000000023 9325.923931552346 242.05784362263216
118.80000000000024 9664.476358816988 245.06027405735642
119.53000000000024 9561.908280830714 248.08121062808235
120.26000000000025 9659.482795490349 251.12065333480984
120.99000000000025 9386.403072050114 254.17860217753886
121.72000000000025 9387.687964223742 257.25505715626946
122.45000000000026 10088.899576402251 260.35001827100183
123.18000000000026 9318.447293747275 263.4634855217357
123.91000000000027 10083.407126902866 266.5954589084712
124.64000000000027 9433.695802807379 269.7459384312082
125.37000000000027 9391.66923876948 272.91492408994685
126.10000000000028 9706.868967971119 276.10241588468705
126.83000000000028 9594.85387332796 279.3084138154289
127.56000000000029 9574.925404673892 282.5329178821724
128.2900000000003 9506.81420023639 285.7759280849174
129.0200000000003 9822.088707946588 289.037444423664
129.75000000000028 9988.990689333323 292.3174668984122
130.0 9403.019735257387 166.05803250872344
131.29 9479.286543414575 169.36999708122784
132.57999999999998 9735.979460450266 172.71466427762536
133.86999999999998 9251.636143283746 176.09203409791613
135.15999999999997 9418.578211429358 179.50210654210017
136.44999999999996 9418.905697542208 182.94488161017736
137.73999999999995 9163.060531984405 186.42035930214783
139.02999999999994 9948.083196955562 189.92853961801157
140.31999999999994 9960.3306524507 193.4694225577685
141.60999999999993 9927.91754763424 197.04300812141867
142.89999999999992 9465.448626164494 200.649296308962
144.1899999999999 9738.81353281604 204.28828712039862
145.4799999999999 9951.21370008969 207.9599805557284
146.7699999999999 9135.306464981519 211.66437661495152
148.0599999999999 9455.263108550953 215.40147529806777
149.34999999999988 9293.1092089648 219.17127660507725
150.63999999999987 9165.047045490097 222.97378053597998
151.92999999999986 9089.023735186338 226.80898709077596
153.21999999999986 9237.2009794663 230.67689626946515
154.50999999999985 9448.463229101657 234.57750807204758
155.79999999999984 9140.48086764981 238.51082249852317
157.08999999999983 9150.89312528346 242.47683954889206
158.37999999999982 9247.31150890796 246.4755592231542
159.66999999999982 8785.201412371129 250.50698152130943
160.9599999999998 9080.044626660527 254.57110644335802
162.2499999999998 8818.630158759914 258.66793398929974
163.5399999999998 8563.900926126254 262.7974641591348
164.82999999999979 8794.09651104115 266.95969695286294
166.11999999999978 8447.369586678597 271.1546323704844
167.40999999999977 8380.430512634623 275.3822704119992
168.69999999999976 8473.310445210785 279.642611077407
169.98999999999975 8644.530781667108 283.9356543667082
171.27999999999975 8240.679604963132 288.2614002799025
172.56999999999974 8432.939178020662 292.61984881699004
173.85999999999973 8881.62717255058 297.0109999779709
175.14999999999972 7960.149551255709 301.43485376284485
176.4399999999997 8455.279943829833 305.8914101716122
177.7299999999997 8016.178196264976 310.38066920427264
179.0199999999997 8268.315236296055 314.9026308608264
180.3099999999997 7505.296977046158 319.45729514127333
181.59999999999968 7532.580275381469 324.0446620456135
182.88999999999967 6969.36907987143 328.66473157384695
184.17999999999967 8019.160519605821 333.3175037259735
185.46999999999966 7499.115086971873 338.0029785019933
186.75999999999965 7090.017802996948 342.7211559019064
188.04999999999964 7383.4907680699525 347.47203592571276
189.33999999999963 7255.486020027493 352.2556185734124
190.62999999999963 7481.155115369149 357.07190384500495
191.91999999999962 7637.5465616846 361.92089174049096
193.2099999999996 7940.321134937962 366.8025822598701
194.4999999999996 7173.865233627611 371.7169754031426
195.7899999999996 6713.618048594697 376.6640711703084
197.0799999999996 6211.769060013096 381.6438695613671
198.36999999999958 7186.266369573 386.6563705763192
199.65999999999957 6270.355773095805 391.7015742151646
200.94999999999956 7115.07628098496 396.7794804779032
202.23999999999955 7070.608226601883 401.8900893645349
203.52999999999955 6148.630287092046 407.03340087506007
204.81999999999954 7015.302585414252 412.2094150094782
206.10999999999953 5908.636954631889 417.4181317677897
207.39999999999952 7177.890991905347 422.6595511499944
208.68999999999951 6170.011216054669 427.93367315609214
209.9799999999995 6009.509023541652 433.24049778608344
211.2699999999995 6288.9736890825325 438.5800250399679
212.5599999999995 6581.310764655545 443.95225491774534
213.84999999999948 6296.36561432527 449.3571874194163
215.13999999999947 7292.591571784923 454.79482254498026
216.42999999999947 6049.143457337996 460.2651602944376
217.71999999999946 5992.572147874249 465.76820066778794
219.00999999999945 5372.960148481134 471.3039436650318
220.29999999999944 5598.143499249845 476.87238928616887
221.58999999999943 5003.241380464251 482.4735375311988
222.87999999999943 5732.986285568682 488.1073884001223
224.16999999999942 6109.744325862956 493.7739418929389
225.4599999999994 4932.871204564624 499.4731980096488
226.7499999999994 4520.680015596897 505.2051567502519
228.0399999999994 4836.480346445403 510.96981811474825
229.3299999999994 5413.552368033719 516.7671821031378
230.61999999999938 5429.705162299457 522.5972487154205
231.90999999999937 5755.2567015846835 528.4600179515966
233.19999999999936 5386.2784892927475 534.3554898116658
234.48999999999936 5478.413504911022 540.2836642956282
235.77999999999935 4875.820103320947 546.2445414034839
237.06999999999934 5458.989249154319 552.2381211352329
238.35999999999933 4828.679210162841 558.2644034908749
239.64999999999932 5009.862059735237 564.3233884704101
240.93999999999932 4638.028947196286 570.4150760738388
242.2299999999993 4461.605857385811 576.5394663011608
243.5199999999993 4374.779846117763 582.6965591523756
244.8099999999993 4646.296904115866 588.8863546274841
246.09999999999928 3386.8976846401893 595.1088527264855
247.38999999999928 4912.118829437977 601.3640534493802
248.67999999999927 4711.35755372684 607.6519567961683
249.96999999999926 6038.423085702354 613.9725627668493
