20.0 6.205348886291046e-05 2.2044235856573527e-05
20.23 -1.1207583396817823e-05 2.255416863146675e-05
20.46 2.976154268552537e-05 2.306993210674404e-05
20.69 8.697614666115886e-05 2.3591526282405393e-05
20.92 6.643539255080607e-05 2.4118951158450804e-05
21.150000000000002 -2.6739489428881106e-05 2.465220673488028e-05
21.380000000000003 2.953927302174578e-05 2.5191293011693823e-05
21.610000000000003 5.504593243734298e-05 2.5736209988891427e-05
21.840000000000003 3.6448131071913096e-05 2.62869576664731e-05
22.070000000000004 6.405262623397615e-05 2.6843536044438835e-05
22.300000000000004 5.7856271677847506e-05 2.7405945122788628e-05
22.530000000000005 1.3283100019475447e-05 2.79741849015225e-05
22.760000000000005 3.427177158917228e-05 2.8548255380640424e-05
22.990000000000006 6.043167800749441e-05 2.9128156560142413e-05
23.220000000000006 3.538299376906542e-05 2.971388844002846e-05
23.450000000000006 1.4034897015239514e-05 3.0305451020298574e-05
23.680000000000007 7.041675585562517e-05 3.0902844300952756e-05
23.910000000000007 6.436964124934706e-05 3.1506068281991e-05
24.140000000000008 4.771212250075763e-06 3.211512296341331e-05
24.370000000000008 2.4367967209609007e-05 3.273000834521968e-05
24.60000000000001 2.157280771595126e-05 3.335072442741011e-05
24.83000000000001 6.93527393833175e-05 3.397727120998461e-05
25.06000000000001 3.8576991209311256e-05 3.460964869294317e-05
25.29000000000001 4.116240174558951e-05 3.52478568762858e-05
25.52000000000001 6.419515410749904e-05 3.589189576001249e-05
25.75000000000001 7.420893720670447e-06 3.6541765344123236e-05
25.98000000000001 2.893542870953242e-05 3.7197465628618057e-05
26.21000000000001 1.0481848070168761e-05 3.7858996613496945e-05
26.440000000000012 6.774165402141496e-05 3.8526358298759894e-05
26.670000000000012 2.6863408752146497e-05 3.919955068440689e-05
26.900000000000013 6.625755003089186e-05 3.987857377043796e-05
27.130000000000013 5.9734469360952185e-05 4.056342755685309e-05
27.360000000000014 1.2156932311864974e-05 4.1254112043652305e-05
27.590000000000014 3.361460328780891e-05 4.195062723083556e-05
27.820000000000014 1.6008154019389609e-06 4.265297311840289e-05
28.050000000000015 9.576016777223116e-05 4.336114970635428e-05
28.280000000000015 3.11082952930812e-05 4.407515699468973e-05
28.510000000000016 4.3587571286822795e-05 4.4794994983409254e-05
28.740000000000016 7.806195209000015e-05 4.5520663672512825e-05
28.970000000000017 -7.135969746269565e-07 4.625216306200048e-05
29.200000000000017 5.088653990072359e-06 4.698949315187218e-05
29.430000000000017 7.397261061982071e-05 4.7732653942127957e-05
29.660000000000018 0.00011705444105294824 4.848164543276779e-05
29.89000000000002 4.371692100082461e-06 4.9236467623791686e-05
30.12000000000002 0.00010354097961704295 4.999712051519966e-05
30.35000000000002 2.798912543290223e-06 5.076360410699169e-05
30.58000000000002 -2.7225497860517255e-05 5.153591839916778e-05
30.81000000000002 0.0001021936385099753 5.231406339172793e-05
31.04000000000002 2.9987781789368055e-05 5.309803908467216e-05
31.27000000000002 -3.277116458488304e-05 5.388784547800044e-05
31.50000000000002 8.71276479128588e-05 5.468348257171277e-05
31.73000000000002 5.008222840330383e-05 5.548495036580919e-05
31.960000000000022 -9.566963042488163e-05 5.6292248860289664e-05
32.190000000000026 7.12487037695053e-05 5.710537805515422e-05
32.42000000000002 6.900949817832279e-05 5.792433795040279e-05
32.65000000000002 5.8201013044068396e-05 5.8749128546035445e-05
32.880000000000024 0.00015161784383526788 5.957974984205219e-05
33.11000000000003 4.4463170218421224e-05 6.0416201838453e-05
33.340000000000025 2.3974465613856357e-05 6.125848453523784e-05
33.57000000000002 0.00011872204275536265 6.210659793240676e-05
33.800000000000026 5.9961705151026285e-05 6.296054202995974e-05
34.03000000000003 8.073790000895486e-05 6.38203168278968e-05
34.260000000000026 -4.7654171392631866e-05 6.46859223262179e-05
34.49000000000002 8.799418949978605e-05 6.555735852492306e-05
34.72000000000003 2.8566784953299568e-05 6.643462542401231e-05
34.95000000000003 2.289692927182836e-05 6.731772302348564e-05
35.18000000000003 6.40721606209824e-05 6.820665132334299e-05
35.410000000000025 0.00012001822724981478 6.91014103235844e-05
35.64000000000003 -6.735639977226363e-05 7.000200002420991e-05
35.87000000000003 -6.696493534286377e-05 7.090842042521948e-05
36.10000000000003 0.00014743437369900696 7.182067152661308e-05
36.33000000000003 0.00022795898118789255 7.273875332839075e-05
36.56000000000003 0.00017540435720898487 7.36626658305525e-05
36.790000000000035 -2.058222503810481e-05 7.459240903309835e-05
37.02000000000003 0.00011476477465788473 7.55279829360282e-05
37.25000000000003 9.669559871019978e-05 7.646938753934213e-05
37.48000000000003 0.00012640433727051392 7.741662284304013e-05
37.710000000000036 2.451009536074179e-05 7.836968884712223e-05
37.94000000000003 -9.539368459132022e-05 7.932858555158835e-05
38.17000000000003 5.008218037080267e-05 8.029331295643853e-05
38.400000000000034 0.00019000492652420417 8.12638710616728e-05
38.63000000000004 5.15481603218362e-05 8.224025986729115e-05
38.860000000000035 -8.169582277660638e-05 8.32224793732935e-05
39.09000000000003 -6.019850616577357e-05 8.421052957967991e-05
39.320000000000036 6.328421105549289e-05 8.520441048645045e-05
39.55000000000004 7.1676053341238e-05 8.620412209360503e-05
39.78000000000004 0.00014737781815529885 8.720966440114366e-05
40.01000000000003 6.258328666543454e-06 8.822103740906637e-05
40.24000000000004 0.0001288094661689868 8.923824111737318e-05
40.47000000000004 -0.00014160919196654298 9.026127552606398e-05
40.70000000000004 0.0001432359370012884 9.12901406351389e-05
40.930000000000035 0.00012053175811104435 9.232483644459782e-05
41.16000000000004 0.00015823326013511197 9.336536295444087e-05
41.39000000000004 1.0515710506564546e-05 9.441172016466799e-05
41.62000000000004 3.4269877469043274e-05 9.54639080752791e-05
41.85000000000004 -2.820998395404304e-06 9.652192668627429e-05
42.0 -1.5624436899405209e-06 5.453528885200617e-05
42.41 9.925496152283528e-05 5.560522237248185e-05
42.81999999999999 -9.635902596127944e-06 5.66855497501639e-05
43.22999999999999 3.885761645293972e-05 5.777627098505232e-05
43.639999999999986 4.644082997171174e-05 5.8877386077147146e-05
44.04999999999998 2.4014411504457738e-05 5.99888950264483e-05
44.45999999999998 -2.084881533215252e-05 6.111079783295585e-05
44.869999999999976 0.00013409064824502316 6.224309449666979e-05
45.27999999999997 7.959399060849636e-05 6.338578501759008e-05
45.68999999999997 -3.966084661578657e-06 6.453886939571675e-05
46.099999999999966 5.7059482993235654e-05 6.57023476310498e-05
46.50999999999996 6.412408487917534e-05 6.687621972358923e-05
46.91999999999996 -0.00011413745411282877 6.806048567333503e-05
47.329999999999956 0.00017979492005820095 6.92551454802872e-05
47.73999999999995 4.9037383175410724e-05 7.046019914444574e-05
48.14999999999995 6.193927384102306e-05 7.167564666581066e-05
48.559999999999945 0.0001094700874777787 7.290148804438195e-05
48.96999999999994 3.513685299477665e-05 7.413772328015961e-05
49.37999999999994 1.4226404131030409e-05 7.538435237314364e-05
49.789999999999935 -0.00013373693620780236 7.664137532333408e-05
50.19999999999993 0.00015044981458484398 7.790879213073087e-05
50.60999999999993 0.00014282612065784345 7.918660279533403e-05
51.019999999999925 -0.00017331256534211802 8.047480731714357e-05
51.42999999999992 0.00013266650862889923 8.177340569615946e-05
51.83999999999992 5.6567261516210125e-05 8.308239793238176e-05
52.249999999999915 7.44210904434935e-05 8.440178402581044e-05
52.65999999999991 2.5641833650063566e-05 8.573156397644547e-05
53.06999999999991 -0.00017215058321075607 8.707173778428686e-05
53.479999999999905 0.00014209145191468683 8.842230544933466e-05
53.8899999999999 4.076506967451816e-05 8.978326697158883e-05
54.2999999999999 -2.267301449409904e-05 9.115462235104933e-05
54.709999999999894 -0.0001568772493008586 9.253637158771627e-05
55.11999999999989 0.00012133751873073672 9.392851468158954e-05
55.52999999999989 2.1744808828316705e-05 9.53310516326692e-05
55.939999999999884 1.8500549173644818e-05 9.674398244095524e-05
56.34999999999988 -6.384308211161791e-06 9.816730710644762e-05
56.75999999999988 -0.00013388496265997096 9.96010256291464e-05
57.169999999999874 7.787121817501023e-05 0.00010104513800905157
57.57999999999987 2.604913145853647e-05 0.00010249964424616309
57.98999999999987 3.1622936113842065e-05 0.00010396454434048097
58.399999999999864 -4.264604875654093e-07 0.00010543983829200529
58.80999999999986 0.00013066563909153886 0.0001069255261007359
59.21999999999986 9.160213067336312e-05 0.00010842160776667294
59.62999999999985 0.00019807407458002538 0.00010992808328981634
60.03999999999985 -3.0643144451713813e-06 0.00011144495267016611
60.44999999999985 -9.882706335607532e-05 0.00011297221590772224
60.85999999999984 0.00028850918714969423 0.00011450987300248477
61.26999999999984 0.00017266122803710586 0.00011605792395445367
61.679999999999836 -0.00010459530207720091 0.00011761636876362893
62.08999999999983 0.0001423797132647096 0.00011918520743001059
62.49999999999983 -0.00020354458064939874 0.00012076443995359862
62.909999999999826 0.00010112097523220335 0.00012235406633439295
63.31999999999982 -9.979940839601263e-05 0.00012395408657239377
63.72999999999982 0.00013442027594940312 0.0001255645006676009
64.13999999999982 3.368819078475813e-05 0.0001271853086200144
64.54999999999981 -0.00023947702680468899 0.0001288165104296343
64.95999999999981 -3.44658307885644e-05 0.00013045810609646055
65.3699999999998 0.00022279460719662852 0.00013211009562049317
65.7799999999998 5.458482982617414e-05 0.00013377247900173226
66.1899999999998 -3.101116763713763e-05 0.00013544525624017758
66.5999999999998 0.0002631222071226224 0.00013712842733582933
67.00999999999979 3.38573911769178e-05 0.0001388219922886875
67.41999999999979 0.0004015752943206665 0.000140525951098752
67.82999999999979 0.00037708539285882765 0.00014224030376602285
68.23999999999978 0.0005929538291081751 0.00014396505029050014
68.64999999999978 0.0005592013247316633 0.0001457001906721838
69.05999999999977 0.0005054544070580332 0.00014744572491107378
69.46999999999977 6.887589311436435e-05 0.00014920165300717018
69.87999999999977 0.00020399852158774738 0.0001509679749604729
70.28999999999976 8.650475601647311e-05 0.00015274469077098204
70.69999999999976 0.0003847273157713692 0.00015453180043869757
71.10999999999976 0.00040851755103126614 0.00015632930396361944
71.51999999999975 9.149400862592359e-05 0.00015813720134574764
71.92999999999975 0.00029653780778104077 0.00015995549258508232
72.33999999999975 0.0003278037801782975 0.00016178417768162326
72.74999999999974 0.00019444370950179486 0.00016362325663537067
73.15999999999974 0.0003571882830300263 0.00016547272944632442
73.56999999999974 0.0002687854560520763 0.0001673325961144845
73.97999999999973 0.0003708782873802313 0.00016920285663985104
74.38999999999973 2.021210475859533e-06 0.00017108351102242394
74.79999999999973 0.00014586297082461695 0.00017297455926220315
75.0 0.0003101694707625771 9.767030869671918e-05
75.73 0.00015629754695417283 9.958087710734946e-05
76.46000000000001 0.00028657368293414243 0.00010150995165398132
77.19000000000001 0.0003441436018944161 0.00010345753233661478
77.92000000000002 0.000330506653550084 0.00010542361915524983
78.65000000000002 0.0004236120513290692 0.00010740821210988651
79.38000000000002 8.450003450825944e-05 0.00010941131120052473
80.11000000000003 0.0005466991640535475 0.00011143291642716456
80.84000000000003 0.00037537669240383936 0.00011347302778980598
81.57000000000004 0.00031345559809328256 0.00011553164528844899
82.30000000000004 0.0005487189695243342 0.00011760876892309366
83.03000000000004 0.0008251721379507627 0.00011970439869373987
83.76000000000005 0.0011146779040723674 0.00012181853460038766
84.49000000000005 0.0009934084787013187 0.00012395117664303705
85.22000000000006 0.0009935870830640491 0.00012610232482168803
85.95000000000006 0.0012627991516905971 0.00012827197913634062
86.68000000000006 0.0010471911814287922 0.0001304601395869948
87.41000000000007 0.0007334852513335203 0.0001326668061736506
88.14000000000007 0.0006038004178944969 0.00013489197889630797
88.87000000000008 0.0005415150161663633 0.00013713565775496693
89.60000000000008 0.0004620067514690535 0.00013939784274962744
90.33000000000008 0.0008531234639652112 0.0001416785338802896
91.06000000000009 0.000580337204936428 0.00014397773114695333
91.79000000000009 0.0006935182725731296 0.00014629543454961863
92.5200000000001 0.0007098515401496889 0.00014863164408828564
93.2500000000001 0.0005702355829699897 0.00015098635976295414
93.9800000000001 0.0008244274470453252 0.00015335958157362427
94.71000000000011 0.0007671120324569241 0.00015575130952029596
95.44000000000011 0.000589621663950667 0.00015816154360296926
96.17000000000012 0.00026052984284411515 0.00016059028382164414
96.90000000000012 0.0005773497956778071 0.00016303753017632062
97.63000000000012 0.00022672201841364946 0.00016550328266699875
98.36000000000013 0.0002492735223790811 0.00016798754129367842
99.09000000000013 0.0003891371225190859 0.00017049030605635967
99.82000000000014 0.0003174816685907431 0.0001730115769550425
100.55000000000014 0.00028222504900102133 0.000175551353989727
101.28000000000014 0.000436764456132999 0.00017810963716041302
102.01000000000015 3.873139759362021e-05 0.00018068642646710067
102.74000000000015 0.00010106907682401585 0.00018328172190978996
103.47000000000016 0.0004448598844009761 0.0001858955234884808
104.20000000000016 0.00023807855553740825 0.0001885278312031732
104.93000000000016 -9.494831053248715e-05 0.00019117864505386725
105.66000000000017 0.00013143717406916382 0.00019384796504056282
106.39000000000017 0.0001431937374697159 0.00019653579116326006
107.12000000000018 5.925637995343128e-05 0.0001992421234219588
107.85000000000018 0.00033499442032606635 0.00020196696181665923
108.58000000000018 7.962387561958885e-05 0.00020471030634736128
109.31000000000019 0.00019859045452144097 0.00020747215701406483
110.04000000000019 -0.00024154061800558098 0.00021025251381677002
110.7700000000002 0.0004505456921265088 0.00021305137675547674
111.5000000000002 0.00045628251674374254 0.00021586874583018513
112.2300000000002 6.910901998611146e-05 0.00021870462104089515
112.9600000000002 0.0004493877169399733 0.00022155900238760663
113.69000000000021 0.0003956849837859529 0.00022443188987031977
114.42000000000021 -4.687471484223101e-05 0.00022732328348903455
115.15000000000022 0.0004924336629372165 0.00023023318324375086
115.88000000000022 0.0005134410681526036 0.0002331615891344688
116.61000000000023 0.0005526835740501102 0.0002361085011611883
117.34000000000023 0.0005127593536956158 0.00023907391932390944
118.07000000000023 0.0006675946058397784 0.00024205784362263215
118.80000000000024 0.00025742086182671596 0.0002450602740573564
119.53000000000024 0.0005164573571474077 0.00024808121062808234
120.26000000000025 5.159465885144272e-05 0.00025112065333480983
120.99000000000025 0.0005283291419905976 0.0002541786021775389
121.72000000000025 0.0008152144898249191 0.0002572550571562695
122.45000000000026 0.0014180180466072828 0.00026035001827100186
123.18000000000026 0.0010942074630714165 0.00026346348552173574
123.91000000000027 0.00113741743931851 0.0002665954589084712
124.64000000000027 0.0011288234949188957 0.0002697459384312082
125.37000000000027 0.0009954577037128124 0.00027291492408994684
126.10000000000028 0.0010175260851270184 0.00027610241588468706
126.83000000000028 0.0005133703822942437 0.0002793084138154289
127.56000000000029 0.0007503024679421999 0.0002825329178821724
128.2900000000003 0.0010773888111747921 0.0002857759280849174
129.0200000000003 8.137011753705094e-05 0.000289037444423664
129.75000000000028 0.0003993688408390521 0.0002923174668984122
130.0 0.0005430540268433116 0.00016605803250872343
131.29 0.00043491650399158656 0.00016936999708122783
132.57999999999998 0.0006843789981480546 0.00017271466427762537
133.86999999999998 0.0006898028835848261 0.00017609203409791612
135.15999999999997 0.0008027499778350011 0.00017950210654210015
136.44999999999996 0.0007223306547549559 0.00018294488161017737
137.73999999999995 0.0007960929316161664 0.00018642035930214784
139.02999999999994 0.001098948426589203 0.00018992853961801156
140.31999999999994 0.0005962651448698198 0.0001934694225577685
141.60999999999993 0.0006697833999988601 0.00019704300812141868
142.89999999999992 0.0008641048351949248 0.000200649296308962
144.1899999999999 0.000757250006126743 0.00020428828712039862
145.4799999999999 0.0005490015930067725 0.0002079599805557284
146.7699999999999 0.0008661177974442571 0.00021166437661495152
148.0599999999999 0.0004703186262371798 0.00021540147529806777
149.34999999999988 0.0009500108793915735 0.00021917127660507724
150.63999999999987 0.0007421840793700599 0.00022297378053598
151.92999999999986 0.0007356834184308846 0.00022680898709077595
153.21999999999986 0.0009437420371743858 0.00023067689626946514
154.50999999999985 0.0007993213144814565 0.00023457750807204757
155.79999999999984 0.0009495540455157107 0.00023851082249852317
157.08999999999983 0.0009773254054830597 0.00024247683954889206
158.37999999999982 0.0005024274806675144 0.0002464755592231542
159.66999999999982 0.0008773315791750316 0.00025050698152130944
160.9599999999998 0.0007216772917201847 0.000254571106443358
162.2499999999998 0.001179195652869833 0.0002586679339892997
163.5399999999998 0.0004452746685936989 0.0002627974641591348
164.82999999999979 0.0009547957967463365 0.0002669596969528629
166.11999999999978 0.001093492841483021 0.00027115463237048444
167.40999999999977 0.0009648476500658414 0.0002753822704119992
168.69999999999976 0.0014202201053854714 0.000279642611077407
169.98999999999975 0.0011046033243291298 0.0002839356543667082
171.27999999999975 0.0012089088782567556 0.0002882614002799025
172.56999999999974 0.0013032193945454172 0.00029261984881699004
173.85999999999973 0.0016175696061745534 0.00029701099997797093
175.14999999999972 0.0012749003873137807 0.0003014348537628449
176.4399999999997 0.0013421002907387145 0.0003058914101716122
177.7299999999997 0.0016716219046367818 0.00031038066920427264
179.0199999999997 0.0017447898414822735 0.0003149026308608264
180.3099999999997 0.0023435929424747977 0.00031945729514127333
181.59999999999968 0.0020041256222171023 0.0003240446620456135
182.88999999999967 0.0020311447688046293 0.00032866473157384696
184.17999999999967 0.0022788667237318106 0.0003333175037259735
185.46999999999966 0.0027476400546585576 0.0003380029785019933
186.75999999999965 0.002868172389751198 0.0003427211559019064
188.04999999999964 0.0025124142315146353 0.00034747203592571275
189.33999999999963 0.0031612579464558523 0.0003522556185734124
190.62999999999963 0.002835246175833459 0.00035707190384500495
191.91999999999962 0.0028778673842195183 0.00036192089174049097
193.2099999999996 0.0024555058422476516 0.0003668025822598701
194.4999999999996 0.0029765202558626087 0.0003717169754031426
195.7899999999996 0.0034374355135389427 0.0003766640711703084
197.0799999999996 0.0035458525370619326 0.0003816438695613671
198.36999999999958 0.0034622189987228956 0.00038665637057631923
199.65999999999957 0.003326109628043703 0.0003917015742151646
200.94999999999956 0.003622376755971225 0.00039677948047790317
202.23999999999955 0.003471000093591145 0.0004018900893645349
203.52999999999955 0.0035367220917559014 0.00040703340087506004
204.81999999999954 0.0030597104010243797 0.0004122094150094782
206.10999999999953 0.003499167978164798 0.0004174181317677897
207.39999999999952 0.003386071843826137 0.0004226595511499944
208.68999999999951 0.003288447687968758 0.00042793367315609214
209.9799999999995 0.0033783199650019432 0.00043324049778608345
211.2699999999995 0.0041659721192130695 0.00043858002503996787
212.5599999999995 0.004308551503520355 0.00044395225491774534
213.84999999999948 0.00456220272919743 0.00044935718741941625
215.13999999999947 0.004293351033300218 0.00045479482254498027
216.42999999999947 0.0044176177069352954 0.00046026516029443757
217.71999999999946 0.004750833284317963 0.0004657682006677879
219.00999999999945 0.004083143276032884 0.0004713039436650318
220.29999999999944 0.004369184966582163 0.0004768723892861689
221.58999999999943 0.004683211636645705 0.00048247353753119883
222.87999999999943 0.004577689385420095 0.00048810738840012233
224.16999999999942 0.0041112873073059775 0.000493773941892939
225.4599999999994 0.004875046407581553 0.0004994731980096488
226.7499999999994 0.00430601370735703 0.0005052051567502519
228.0399999999994 0.004575366348901833 0.0005109698181147483
229.3299999999994 0.005466677706193614 0.0005167671821031378
230.61999999999938 0.006211143587919205 0.0005225972487154205
231.90999999999937 0.005512875161478974 0.0005284600179515966
233.19999999999936 0.005320022732496842 0.0005343554898116659
234.48999999999936 0.004892923192347501 0.0005402836642956282
235.77999999999935 0.005893231053921827 0.000546244541403484
237.06999999999934 0.005831421198857132 0.0005522381211352328
238.35999999999933 0.005246512134300543 0.0005582644034908749
239.64999999999932 0.005391696225537373 0.0005643233884704102
240.93999999999932 0.0061619646217723175 0.0005704150760738389
242.2299999999993 0.0054551015777363114 0.0005765394663011608
243.5199999999993 0.0067190955884510305 0.0005826965591523756
244.8099999999993 0.006504039455018673 0.0005888863546274841
246.09999999999928 0.005670021689964375 0.0005951088527264855
247.38999999999928 0.00658621723606152 0.0006013640534493802
248.67999999999927 0.0061844064247622565 0.0006076519567961683
249.96999999999926 0.00702573842704639 0.0006139725627668492
