20.0 54.907476336174796 22.044235856573525
20.23 60.7869425974622 22.554168631466748
20.46 112.80368367136757 23.069932106744037
20.69 33.96558057511792 23.591526282405393
20.92 42.29641690558285 24.118951158450805
21.150000000000002 100.81827421446637 24.65220673488028
21.380000000000003 35.083009849296865 25.191293011693823
21.610000000000003 49.006219397783845 25.736209988891428
21.840000000000003 42.38103431119417 26.2869576664731
22.070000000000004 43.34165980463087 26.843536044438835
22.300000000000004 62.05142595821242 27.405945122788626
22.530000000000005 18.67074232851739 27.9741849015225
22.760000000000005 120.19232959346486 28.548255380640423
22.990000000000006 89.27056813162078 29.128156560142415
23.220000000000006 100.99263982376002 29.71388844002846
23.450000000000006 126.66957090846508 30.305451020298573
23.680000000000007 105.49484879281431 30.902844300952758
23.910000000000007 132.64013372246868 31.506068281991002
24.140000000000008 137.16039453650782 32.115122963413306
24.370000000000008 75.68467875108963 32.73000834521968
24.60000000000001 119.05525326712021 33.350724427410114
24.83000000000001 104.0811295877085 33.97727120998461
25.06000000000001 155.52573507051528 34.609648692943175
25.29000000000001 134.16576058791455 35.247856876285795
25.52000000000001 166.4604070402578 35.89189576001249
25.75000000000001 193.515406731894 36.541765344123235
25.98000000000001 201.74624790878116 37.197465628618055
26.21000000000001 190.5496608818079 37.85899661349694
26.440000000000012 151.12477295231065 38.526358298759895
26.670000000000012 244.01569891318903 39.19955068440689
26.900000000000013 207.36425583242755 39.87857377043796
27.130000000000013 259.7997836060547 40.56342755685309
27.360000000000014 434.16542031900394 41.254112043652306
27.590000000000014 595.0858448835537 41.95062723083556
27.820000000000014 873.9693249319712 42.65297311840289
28.050000000000015 930.5497577575942 43.36114970635428
28.280000000000015 742.2557351025914 44.07515699468973
28.510000000000016 592.695945200148 44.794994983409254
28.740000000000016 402.79407061861014 45.520663672512825
28.970000000000017 386.35482410113343 46.25216306200048
29.200000000000017 315.3009467090174 46.98949315187218
29.430000000000017 268.6409087342252 47.73265394212795
29.660000000000018 247.3511112598423 48.48164543276779
29.89000000000002 465.1022283108799 49.23646762379169
30.12000000000002 339.79472404812 49.99712051519966
30.35000000000002 304.55541221442616 50.76360410699169
30.58000000000002 367.2390712739418 51.53591839916778
30.81000000000002 321.6124361941537 52.31406339172793
31.04000000000002 412.12480161161113 53.09803908467216
31.27000000000002 401.1301121545436 53.887845478000436
31.50000000000002 401.63118399017117 54.68348257171277
31.73000000000002 420.8604425259734 55.48495036580919
31.960000000000022 488.13786244202817 56.29224886028967
32.190000000000026 528.9742417775645 57.10537805515422
32.42000000000002 548.4713020806981 57.924337950402794
32.65000000000002 693.616773293775 58.74912854603544
32.880000000000024 709.8259739674024 59.579749842052195
33.11000000000003 816.4962072787664 60.416201838453
33.340000000000025 821.4176024032148 61.258484535237834
33.57000000000002 1212.6406136468622 62.10659793240676
33.800000000000026 1347.0979444888396 62.96054202995974
34.03000000000003 1551.5152561762193 63.8203168278968
34.260000000000026 1687.0777566220372 64.6859223262179
34.49000000000002 1774.861811919575 65.55735852492306
34.72000000000003 1816.9105468209427 66.43462542401231
34.95000000000003 1657.9489613990665 67.31772302348564
35.18000000000003 1681.0072589990652 68.20665132334298
35.410000000000025 1559.5993817144179 69.1014103235844
35.64000000000003 1434.5376661352566 70.0020000242099
35.87000000000003 1281.603751860466 70.90842042521948
36.10000000000003 1170.2104417546334 71.82067152661308
36.33000000000003 1036.8050170026663 72.73875332839076
36.56000000000003 933.8831944231093 73.6626658305525
36.790000000000035 793.4536826286542 74.59240903309835
37.02000000000003 691.0938134046713 75.5279829360282
37.25000000000003 859.391338404475 76.46938753934214
37.48000000000003 594.4484396175549 77.41662284304013
37.710000000000036 652.457036204241 78.36968884712223
37.94000000000003 844.490713112176 79.32858555158835
38.17000000000003 796.0747564726678 80.29331295643853
38.400000000000034 835.8697260403446 81.26387106167279
38.63000000000004 1181.9145927953723 82.24025986729114
38.860000000000035 951.4612031884699 83.2224793732935
39.09000000000003 912.7679457825623 84.21052957967991
39.320000000000036 809.3545590214037 85.20441048645044
39.55000000000004 767.0887321426363 86.20412209360504
39.78000000000004 423.70680539133656 87.20966440114367
40.01000000000003 579.0643119084523 88.22103740906637
40.24000000000004 445.5070608822934 89.23824111737318
40.47000000000004 236.88036058353603 90.26127552606398
40.70000000000004 177.11717991300122 91.2901406351389
40.930000000000035 462.3459598007052 92.32483644459782
41.16000000000004 241.9536787121144 93.36536295444087
41.39000000000004 282.8703373362874 94.41172016466798
41.62000000000004 190.93727642912694 95.46390807527911
41.85000000000004 432.00380968862606 96.52192668627428
42.0 291.3945318424089 54.53528885200617
42.41 409.77250325751123 55.605222372481855
42.81999999999999 306.87546209950926 56.6855497501639
43.22999999999999 222.11266350152263 57.77627098505232
43.639999999999986 239.0024591557832 58.87738607714714
44.04999999999998 173.76418835761996 59.988895026448304
44.45999999999998 278.53346711346603 61.110797832955846
44.869999999999976 213.92688635794997 62.243094496669784
45.27999999999997 204.0950160731799 63.38578501759008
45.68999999999997 250.4841153336513 64.53886939571676
46.099999999999966 260.96602095610797 65.7023476310498
46.50999999999996 140.22025784262345 66.87621972358923
46.91999999999996 258.37890595523754 68.06048567333502
47.329999999999956 383.79558600090627 69.2551454802872
47.73999999999995 307.1487649037517 70.46019914444574
48.14999999999995 330.44645219904044 71.67564666581066
48.559999999999945 472.3829309109656 72.90148804438195
48.96999999999994 484.1565456868491 74.13772328015962
49.37999999999994 615.5465309883213 75.38435237314364
49.789999999999935 889.2268571758976 76.64137532333409
50.19999999999993 1617.8604045210582 77.90879213073087
50.60999999999993 2294.655854949544 79.18660279533403
51.019999999999925 2209.803694043572 80.47480731714357
51.42999999999992 1772.0991120393853 81.77340569615947
51.83999999999992 1148.117865789573 83.08239793238177
52.249999999999915 1075.8044704996712 84.40178402581044
52.65999999999991 726.8387668952018 85.73156397644547
53.06999999999991 878.1016367171329 87.07173778428687
53.479999999999905 893.2658499605278 88.42230544933466
53.8899999999999 1073.843511643192 89.78326697158883
54.2999999999999 965.6522730242024 91.15462235104933
54.709999999999894 906.9429515798319 92.53637158771627
55.11999999999989 1104.0213083108486 93.92851468158955
55.52999999999989 943.3112470336122 95.3310516326692
55.939999999999884 1184.4413783727007 96.74398244095524
56.34999999999988 1290.2445153663691 98.16730710644762
56.75999999999988 1484.718960654379 99.6010256291464
57.169999999999874 1401.0431490059848 101.04513800905157
57.57999999999987 1219.3183929518814 102.49964424616309
57.98999999999987 1044.5645583472362 103.96454434048097
58.399999999999864 932.9245459352745 105.43983829200529
58.80999999999986 870.0241167757019 106.92552610073591
59.21999999999986 788.092162690755 108.42160776667293
59.62999999999985 810.9119277061706 109.92808328981634
60.03999999999985 689.5685175715329 111.44495267016612
60.44999999999985 618.5774310529077 112.97221590772224
60.85999999999984 794.9320758637696 114.50987300248477
61.26999999999984 850.0658250569439 116.05792395445367
61.679999999999836 368.55362025611134 117.61636876362893
62.08999999999983 506.18107884564796 119.18520743001059
62.49999999999983 524.2906254435304 120.76443995359861
62.909999999999826 602.1740034095327 122.35406633439295
63.31999999999982 516.4006679181945 123.95408657239378
63.72999999999982 585.4150489362796 125.56450066760091
64.13999999999982 603.2549314322636 127.1853086200144
64.54999999999981 750.9906903885039 128.8165104296343
64.95999999999981 316.0304162128459 130.45810609646054
65.3699999999998 335.4172469719552 132.11009562049315
65.7799999999998 229.656074119824 133.77247900173225
66.1899999999998 622.3183972963581 135.44525624017757
66.5999999999998 315.23413819482994 137.12842733582931
67.00999999999979 516.7302621259628 138.82199228868748
67.41999999999979 324.7165205165033 140.525951098752
67.82999999999979 438.62818639845835 142.24030376602286
68.23999999999978 581.9517672910144 143.96505029050013
68.64999999999978 287.26376160909814 145.7001906721838
69.05999999999977 705.5672700625527 147.44572491107377
69.46999999999977 234.284869793152 149.2016530071702
69.87999999999977 614.5961814530443 150.9679749604729
70.28999999999976 446.78169505896943 152.74469077098203
70.69999999999976 526.7586629567951 154.53180043869756
71.10999999999976 726.2685455016125 156.32930396361945
71.51999999999975 532.5174334313153 158.13720134574766
71.92999999999975 504.5059834796245 159.9554925850823
72.33999999999975 405.7816980008855 161.78417768162325
72.74999999999974 891.3910499623789 163.62325663537067
73.15999999999974 923.6414917086041 165.47272944632442
73.56999999999974 1188.1313650847467 167.33259611448452
73.97999999999973 1153.480146636179 169.20285663985103
74.38999999999973 1191.9516852991892 171.08351102242395
74.79999999999973 984.7408603776936 172.97455926220314
75.0 1139.4530287624723 97.67030869671918
75.73 1049.5776272881624 99.58087710734945
76.46000000000001 1220.8162106481582 101.50995165398132
77.19000000000001 1138.1476294747806 103.45753233661478
77.92000000000002 1356.0675321217354 105.42361915524982
78.65000000000002 1356.2983533038296 107.4082121098865
79.38000000000002 917.5599496961024 109.41131120052472
80.11000000000003 748.0691211347453 111.43291642716456
80.84000000000003 726.1970983533112 113.47302778980598
81.57000000000004 728.0630772900864 115.531645288449
82.30000000000004 676.8196071157018 117.60876892309366
83.03000000000004 733.8165123677996 119.70439869373986
83.76000000000005 534.6824008475328 121.81853460038766
84.49000000000005 717.0995103006259 123.95117664303704
85.22000000000006 788.2667414984002 126.10232482168803
85.95000000000006 774.1279456485007 128.2719791363406
86.68000000000006 824.014678764427 130.46013958699479
87.41000000000007 708.6142671250813 132.6668061736506
88.14000000000007 618.9227636312626 134.89197889630796
88.87000000000008 888.7105512408222 137.13565775496693
89.60000000000008 699.6288762929144 139.39784274962744
90.33000000000008 811.7558941819294 141.6785338802896
91.06000000000009 777.7842659161442 143.97773114695335
91.79000000000009 786.1753869928746 146.29543454961862
92.5200000000001 692.4773369094694 148.63164408828564
93.2500000000001 639.0818541487369 150.98635976295412
93.9800000000001 763.3641197343464 153.35958157362427
94.71000000000011 891.0584535660325 155.75130952029596
95.44000000000011 898.8042798300294 158.16154360296926
96.17000000000012 852.582799254433 160.59028382164414
96.90000000000012 697.1875513472206 163.03753017632062
97.63000000000012 898.3195527769346 165.50328266699876
98.36000000000013 805.6234398858961 167.98754129367842
99.09000000000013 832.9158858314947 170.49030605635969
99.82000000000014 926.3439571775112 173.0115769550425
100.55000000000014 1320.8283458602948 175.55135398972698
101.28000000000014 967.8652006787149 178.10963716041303
102.01000000000015 1002.8518321764177 180.68642646710066
102.74000000000015 1104.9962408030583 183.28172190978995
103.47000000000016 1086.4478583417042 185.8955234884808
104.20000000000016 952.8296078615751 188.5278312031732
104.93000000000016 1443.8853186520453 191.17864505386726
105.66000000000017 1487.9506710780452 193.84796504056283
106.39000000000017 1195.7151292682552 196.53579116326006
107.12000000000018 1218.0013168497667 199.2421234219588
107.85000000000018 1080.6741168802089 201.96696181665922
108.58000000000018 1032.7022800681655 204.71030634736127
109.31000000000019 1614.3052960128873 207.47215701406483
110.04000000000019 1533.3817382759698 210.25251381677003
110.7700000000002 1112.347882309827 213.05137675547675
111.5000000000002 1790.6323332684258 215.86874583018513
112.2300000000002 1768.7578854971287 218.70462104089515
112.9600000000002 1425.9151506422033 221.55900238760663
113.69000000000021 1522.959462939564 224.43188987031976
114.42000000000021 1774.5337756588942 227.32328348903457
115.15000000000022 1514.7191305523036 230.23318324375086
115.88000000000022 1814.4760602979056 233.16158913446878
116.61000000000023 1692.6552023116803 236.1085011611883
117.34000000000023 2451.707723983835 239.07391932390945
118.07000000000023 1719.5796422551948 242.05784362263216
118.80000000000024 1932.0830855135341 245.06027405735642
119.53000000000024 1513.1388273254133 248.08121062808235
120.26000000000025 2026.0024460117643 251.12065333480984
120.99000000000025 2310.8801470715985 254.17860217753886
121.72000000000025 1778.5127347993637 257.25505715626946
122.45000000000026 2288.8958520874603 260.35001827100183
123.18000000000026 2148.8194390055764 263.4634855217357
123.91000000000027 2365.0114663623285 266.5954589084712
124.64000000000027 2756.8218782315967 269.7459384312082
125.37000000000027 2786.4126117748515 272.91492408994685
126.10000000000028 2874.235342354078 276.10241588468705
126.83000000000028 2794.801529535092 279.3084138154289
127.56000000000029 2581.6923988636827 282.5329178821724
128.2900000000003 2870.0666442992233 285.7759280849174
129.0200000000003 2681.8592272575183 289.037444423664
129.75000000000028 2320.5496746858325 292.3174668984122
130.0 2348.058723695203 166.05803250872344
131.29 2990.0728338853964 169.36999708122784
132.57999999999998 2978.5807913062063 172.71466427762536
133.86999999999998 3245.8464595015607 176.09203409791613
135.15999999999997 3304.384622890992 179.50210654210017
136.44999999999996 3042.826518809824 182.94488161017736
137.73999999999995 3405.4117243527003 186.42035930214783
139.02999999999994 3922.518388598911 189.92853961801157
140.31999999999994 4142.805149159016 193.4694225577685
141.60999999999993 4467.168005070489 197.04300812141867
142.89999999999992 4200.856190574839 200.649296308962
144.1899999999999 4639.723970694809 204.28828712039862
145.4799999999999 4420.820389245641 207.9599805557284
146.7699999999999 4806.621609897588 211.66437661495152
148.0599999999999 5098.37328844294 215.40147529806777
149.34999999999988 5106.6025625997745 219.17127660507725
150.63999999999987 5680.790137767468 222.97378053597998
151.92999999999986 5362.276801398873 226.80898709077596
153.21999999999986 5938.718625593427 230.67689626946515
154.50999999999985 5891.537397543404 234.57750807204758
155.79999999999984 6248.544830165015 238.51082249852317
157.08999999999983 6422.875980384083 242.47683954889206
158.37999999999982 6355.1783480382555 246.4755592231542
159.66999999999982 6997.970186781034 250.50698152130943
160.9599999999998 7153.153250459589 254.57110644335802
162.2499999999998 7438.900849029015 258.66793398929974
163.5399999999998 7357.750124069727 262.7974641591348
164.82999999999979 7746.986704335457 266.95969695286294
166.11999999999978 7574.2570502506305 271.1546323704844
167.40999999999977 8250.57906402698 275.3822704119992
168.69999999999976 8177.2135001930965 279.642611077407
169.98999999999975 8196.694307035119 283.9356543667082
171.27999999999975 8519.755711493646 288.2614002799025
172.56999999999974 8689.06511304069 292.61984881699004
173.85999999999973 9445.069775880344 297.0109999779709
175.14999999999972 9309.007776775145 301.43485376284485
176.4399999999997 9728.947006289252 305.8914101716122
177.7299999999997 10349.804497299981 310.38066920427264
179.0199999999997 9398.313472083393 314.9026308608264
180.3099999999997 9519.281697762817 319.45729514127333
181.59999999999968 9864.238280508687 324.0446620456135
182.88999999999967 10566.114032207342 328.66473157384695
184.17999999999967 11086.884178838465 333.3175037259735
185.46999999999966 11178.981997507488 338.0029785019933
186.75999999999965 10969.446889574177 342.7211559019064
188.04999999999964 10717.83359635687 347.47203592571276
189.33999999999963 11731.67674334459 352.2556185734124
190.62999999999963 11388.878948461943 357.07190384500495
191.91999999999962 11490.001184145038 361.92089174049096
193.2099999999996 11938.72490936659 366.8025822598701
194.4999999999996 12265.019974145114 371.7169754031426
195.7899999999996 12032.648184462774 376.6640711703084
197.0799999999996 12476.072697485977 381.6438695613671
198.36999999999958 11780.014607789652 386.6563705763192
199.65999999999957 12958.24071532393 391.7015742151646
200.94999999999956 12377.024470847695 396.7794804779032
202.23999999999955 13507.513017701262 401.8900893645349
203.52999999999955 13887.56124135311 407.03340087506007
204.81999999999954 14060.698097833525 412.2094150094782
206.10999999999953 13930.507334394568 417.4181317677897
207.39999999999952 14763.58854254367 422.6595511499944
208.68999999999951 13194.770978721903 427.93367315609214
209.9799999999995 13803.174081278572 433.24049778608344
211.2699999999995 13700.919143671796 438.5800250399679
212.5599999999995 14774.91719091406 443.95225491774534
213.84999999999948 14656.857875201598 449.3571874194163
215.13999999999947 15649.61143220499 454.79482254498026
216.42999999999947 15206.619666141605 460.2651602944376
217.71999999999946 15204.756473875248 465.76820066778794
219.00999999999945 15103.421672645047 471.3039436650318
220.29999999999944 14422.578204784319 476.87238928616887
221.58999999999943 15407.590275605156 482.4735375311988
222.87999999999943 16202.718729564518 488.1073884001223
224.16999999999942 16018.134522412076 493.7739418929389
225.4599999999994 16654.946126138344 499.4731980096488
226.7499999999994 17123.061317211905 505.2051567502519
228.0399999999994 16294.694977348514 510.96981811474825
229.3299999999994 15389.423572948366 516.7671821031378
230.61999999999938 17119.720259754456 522.5972487154205
231.90999999999937 16709.175102482313 528.4600179515966
233.19999999999936 17463.394445533508 534.3554898116658
234.48999999999936 18025.532237932002 540.2836642956282
235.77999999999935 16844.145149493223 546.2445414034839
237.06999999999934 16454.815116628666 552.2381211352329
238.35999999999933 16761.140095284038 558.2644034908749
239.64999999999932 16203.250959400208 564.3233884704101
240.93999999999932 16544.726487722983 570.4150760738388
242.2299999999993 17416.334847778406 576.5394663011608
243.5199999999993 16556.438912779337 582.6965591523756
244.8099999999993 17737.667933159042 588.8863546274841
246.09999999999928 17650.13908146129 595.1088527264855
247.38999999999928 16696.40239707617 601.3640534493802
248.67999999999927 17423.457288043024 607.6519567961683
249.96999999999926 18399.793170422792 613.9725627668493
