20.0 109.61136431921675 22.044235856573525
20.23 83.62209996277387 22.554168631466748
20.46 44.16870224849884 23.069932106744037
20.69 78.5082198494538 23.591526282405393
20.92 49.39771275779952 24.118951158450805
21.150000000000002 45.47343063462959 24.65220673488028
21.380000000000003 61.3163725460863 25.191293011693823
21.610000000000003 64.67795105801773 25.736209988891428
21.840000000000003 73.07054073899693 26.2869576664731
22.070000000000004 63.84331227147219 26.843536044438835
22.300000000000004 27.527692884402146 27.405945122788626
22.530000000000005 53.611965468242445 27.9741849015225
22.760000000000005 82.87774346465109 28.548255380640423
22.990000000000006 77.67370264797694 29.128156560142415
23.220000000000006 99.76513196239237 29.71388844002846
23.450000000000006 85.9144576246599 30.305451020298573
23.680000000000007 74.48306443157566 30.902844300952758
23.910000000000007 130.33772918223883 31.506068281991002
24.140000000000008 84.30033517340611 32.115122963413306
24.370000000000008 118.63787606884307 32.73000834521968
24.60000000000001 55.94233209520443 33.350724427410114
24.83000000000001 121.11670709840588 33.97727120998461
25.06000000000001 90.10189795644183 34.609648692943175
25.29000000000001 122.73888944686155 35.247856876285795
25.52000000000001 238.20588910387377 35.89189576001249
25.75000000000001 159.18784233328864 36.541765344123235
25.98000000000001 129.35753778205418 37.197465628618055
26.21000000000001 178.31998701324676 37.85899661349694
26.440000000000012 132.60832679545163 38.526358298759895
26.670000000000012 127.48453786081329 39.19955068440689
26.900000000000013 176.76591022705574 39.87857377043796
27.130000000000013 263.6010738483359 40.56342755685309
27.360000000000014 409.1876419023991 41.254112043652306
27.590000000000014 545.9603947626773 41.95062723083556
27.820000000000014 813.4856526565098 42.65297311840289
28.050000000000015 964.1323216942983 43.36114970635428
28.280000000000015 796.524962895709 44.07515699468973
28.510000000000016 505.58865307846486 44.794994983409254
28.740000000000016 402.0091977728175 45.520663672512825
28.970000000000017 353.17395237460084 46.25216306200048
29.200000000000017 319.1169226692716 46.98949315187218
29.430000000000017 263.6007700166357 47.73265394212795
29.660000000000018 335.0105348919913 48.48164543276779
29.89000000000002 317.54566462313795 49.23646762379169
30.12000000000002 381.27273986355937 49.99712051519966
30.35000000000002 353.88967657386456 50.76360410699169
30.58000000000002 249.54766656532368 51.53591839916778
30.81000000000002 262.1809283261149 52.31406339172793
31.04000000000002 433.78724937870857 53.09803908467216
31.27000000000002 333.31553350801016 53.887845478000436
31.50000000000002 375.20597841522726 54.68348257171277
31.73000000000002 440.7122643173418 55.48495036580919
31.960000000000022 386.93242220899225 56.29224886028967
32.190000000000026 542.7831781456686 57.10537805515422
32.42000000000002 577.2241778689317 57.924337950402794
32.65000000000002 558.0818960226048 58.74912854603544
32.880000000000024 728.2597049348519 59.579749842052195
33.11000000000003 658.8387667535948 60.416201838453
33.340000000000025 943.6203557360682 61.258484535237834
33.57000000000002 1074.0316968133757 62.10659793240676
33.800000000000026 1309.28416741243 62.96054202995974
34.03000000000003 1526.5588335462614 63.8203168278968
34.260000000000026 1663.4461677247734 64.6859223262179
34.49000000000002 1660.06693754287 65.55735852492306
34.72000000000003 1491.8436965519409 66.43462542401231
34.95000000000003 1567.6068944534181 67.31772302348564
35.18000000000003 1633.1448912404492 68.20665132334298
35.410000000000025 1540.7940225835212 69.1014103235844
35.64000000000003 1496.9611852837127 70.0020000242099
35.87000000000003 1266.743599998786 70.90842042521948
36.10000000000003 1034.0596352506302 71.82067152661308
36.33000000000003 896.4103122654323 72.73875332839076
36.56000000000003 943.8100333053882 73.6626658305525
36.790000000000035 782.5282648802524 74.59240903309835
37.02000000000003 669.4375459022809 75.5279829360282
37.25000000000003 821.1728739828121 76.46938753934214
37.48000000000003 705.3399122962276 77.41662284304013
37.710000000000036 887.8295859748696 78.36968884712223
37.94000000000003 843.7511651534617 79.32858555158835
38.17000000000003 903.0242019554239 80.29331295643853
38.400000000000034 737.8582960489437 81.26387106167279
38.63000000000004 926.8972534599168 82.24025986729114
38.860000000000035 1048.7423289406213 83.2224793732935
39.09000000000003 1029.18027709268 84.21052957967991
39.320000000000036 762.6096218035743 85.20441048645044
39.55000000000004 718.6587315872655 86.20412209360504
39.78000000000004 446.2614955310331 87.20966440114367
40.01000000000003 485.9949409831883 88.22103740906637
40.24000000000004 299.68158139288244 89.23824111737318
40.47000000000004 285.6760354718667 90.26127552606398
40.70000000000004 391.2127978780623 91.2901406351389
40.930000000000035 364.01354288047156 92.32483644459782
41.16000000000004 451.6175675884522 93.36536295444087
41.39000000000004 326.94178520993904 94.41172016466798
41.62000000000004 161.60237854024666 95.46390807527911
41.85000000000004 107.21934067875195 96.52192668627428
42.0 224.03467943520218 54.53528885200617
42.41 133.16993933627717 55.605222372481855
42.81999999999999 221.78388130619177 56.6855497501639
43.22999999999999 212.5685444346662 57.77627098505232
43.639999999999986 215.21969582069556 58.87738607714714
44.04999999999998 200.8911233646021 59.988895026448304
44.45999999999998 245.47752043928122 61.110797832955846
44.869999999999976 203.27997488747653 62.243094496669784
45.27999999999997 205.1223379082037 63.38578501759008
45.68999999999997 161.4538313375481 64.53886939571676
46.099999999999966 265.4871284829107 65.7023476310498
46.50999999999996 237.99024974393828 66.87621972358923
46.91999999999996 189.4966552089576 68.06048567333502
47.329999999999956 287.5132728838345 69.2551454802872
47.73999999999995 301.2109666943704 70.46019914444574
48.14999999999995 313.899662868692 71.67564666581066
48.559999999999945 271.55871926409554 72.90148804438195
48.96999999999994 423.1533495002756 74.13772328015962
49.37999999999994 474.5311725716169 75.38435237314364
49.789999999999935 912.9773706925205 76.64137532333409
50.19999999999993 1716.6059314404192 77.90879213073087
50.60999999999993 2069.9353937816986 79.18660279533403
51.019999999999925 1881.0643591236285 80.47480731714357
51.42999999999992 1623.5501181454842 81.77340569615947
51.83999999999992 1129.5834303027646 83.08239793238177
52.249999999999915 992.4334820372593 84.40178402581044
52.65999999999991 810.6086860275731 85.73156397644547
53.06999999999991 889.2739821024587 87.07173778428687
53.479999999999905 845.5937104510647 88.42230544933466
53.8899999999999 1019.688997520026 89.78326697158883
54.2999999999999 894.7529999181751 91.15462235104933
54.709999999999894 988.7547950454051 92.53637158771627
55.11999999999989 767.3151355953578 93.92851468158955
55.52999999999989 830.572676072998 95.3310516326692
55.939999999999884 1150.7113905270535 96.74398244095524
56.34999999999988 1070.8613025412378 98.16730710644762
56.75999999999988 1250.9816950850598 99.6010256291464
57.169999999999874 1227.3859145075419 101.04513800905157
57.57999999999987 958.8558483471264 102.49964424616309
57.98999999999987 772.8522579209015 103.96454434048097
58.399999999999864 904.4366991481305 105.43983829200529
58.80999999999986 659.211594886381 106.92552610073591
59.21999999999986 785.2810020982454 108.42160776667293
59.62999999999985 434.30149411681333 109.92808328981634
60.03999999999985 706.8520420036006 111.44495267016612
60.44999999999985 833.0575334711513 112.97221590772224
60.85999999999984 611.7057282782652 114.50987300248477
61.26999999999984 628.7372152920299 116.05792395445367
61.679999999999836 738.5256950907768 117.61636876362893
62.08999999999983 534.4198791488294 119.18520743001059
62.49999999999983 766.0358098430498 120.76443995359861
62.909999999999826 422.37528772130236 122.35406633439295
63.31999999999982 372.8819071499523 123.95408657239378
63.72999999999982 774.1763938192163 125.56450066760091
64.13999999999982 589.799980689423 127.1853086200144
64.54999999999981 289.04287309188845 128.8165104296343
64.95999999999981 363.4234779961124 130.45810609646054
65.3699999999998 567.5692127725489 132.11009562049315
65.7799999999998 625.0911019892915 133.77247900173225
66.1899999999998 409.0632300368416 135.44525624017757
66.5999999999998 343.03673516231675 137.12842733582931
67.00999999999979 234.28423898395155 138.82199228868748
67.41999999999979 270.5916172726282 140.525951098752
67.82999999999979 320.00375168694495 142.24030376602286
68.23999999999978 405.4359860798003 143.96505029050013
68.64999999999978 548.0625661091136 145.7001906721838
69.05999999999977 342.105266729414 147.44572491107377
69.46999999999977 283.50476429969166 149.2016530071702
69.87999999999977 388.6602610882208 150.9679749604729
70.28999999999976 395.8143152110303 152.74469077098203
70.69999999999976 336.71269223189984 154.53180043869756
71.10999999999976 802.3042420739295 156.32930396361945
71.51999999999975 603.9045917308761 158.13720134574766
71.92999999999975 448.13571011630467 159.9554925850823
72.33999999999975 583.1151905294063 161.78417768162325
72.74999999999974 522.488002488467 163.62325663537067
73.15999999999974 654.249198711238 165.47272944632442
73.56999999999974 936.2261598464703 167.33259611448452
73.97999999999973 745.9274997537095 169.20285663985103
74.38999999999973 1042.5834829408277 171.08351102242395
74.79999999999973 1106.7472182866534 172.97455926220314
75.0 1051.535293715605 97.67030869671918
75.73 962.9263224859925 99.58087710734945
76.46000000000001 1163.1974744571735 101.50995165398132
77.19000000000001 1033.6090188537123 103.45753233661478
77.92000000000002 967.9430953404291 105.42361915524982
78.65000000000002 996.1121753414332 107.4082121098865
79.38000000000002 779.6503950457862 109.41131120052472
80.11000000000003 742.2578262178308 111.43291642716456
80.84000000000003 707.1120032293497 113.47302778980598
81.57000000000004 782.2025361695245 115.531645288449
82.30000000000004 793.7347345788494 117.60876892309366
83.03000000000004 614.2003242819017 119.70439869373986
83.76000000000005 729.3479421550674 121.81853460038766
84.49000000000005 752.4249025564649 123.95117664303704
85.22000000000006 758.8557007632581 126.10232482168803
85.95000000000006 755.8181086436672 128.2719791363406
86.68000000000006 402.6597079770538 130.46013958699479
87.41000000000007 538.8266938451067 132.6668061736506
88.14000000000007 501.40436620450726 134.89197889630796
88.87000000000008 688.7236514832334 137.13565775496693
89.60000000000008 682.5294321280463 139.39784274962744
90.33000000000008 372.9596580322955 141.6785338802896
91.06000000000009 740.4536466906725 143.97773114695335
91.79000000000009 496.3447338688239 146.29543454961862
92.5200000000001 815.5918731340557 148.63164408828564
93.2500000000001 410.98307900654476 150.98635976295412
93.9800000000001 709.637625751409 153.35958157362427
94.71000000000011 343.5188716313851 155.75130952029596
95.44000000000011 587.3324075539882 158.16154360296926
96.17000000000012 123.83709821394973 160.59028382164414
96.90000000000012 743.9989455932447 163.03753017632062
97.63000000000012 524.1637034631469 165.50328266699876
98.36000000000013 497.86730928288375 167.98754129367842
99.09000000000013 738.689807511752 170.49030605635969
99.82000000000014 811.0254051901788 173.0115769550425
100.55000000000014 1139.6164173637114 175.55135398972698
101.28000000000014 450.32474010167493 178.10963716041303
102.01000000000015 723.2813774471858 180.68642646710066
102.74000000000015 749.2119100117058 183.28172190978995
103.47000000000016 597.5770172633205 185.8955234884808
104.20000000000016 554.074525325242 188.5278312031732
104.93000000000016 518.6186242989322 191.17864505386726
105.66000000000017 457.5017511003456 193.84796504056283
106.39000000000017 652.3932803888165 196.53579116326006
107.12000000000018 1107.6110173980167 199.2421234219588
107.85000000000018 615.4106266711185 201.96696181665922
108.58000000000018 604.3444359085058 204.71030634736127
109.31000000000019 892.1364847678499 207.47215701406483
110.04000000000019 211.4672276131153 210.25251381677003
110.7700000000002 772.721450926666 213.05137675547675
111.5000000000002 584.9970824588158 215.86874583018513
112.2300000000002 447.7255919881213 218.70462104089515
112.9600000000002 749.9585977618192 221.55900238760663
113.69000000000021 694.6481816056171 224.43188987031976
114.42000000000021 552.443327228011 227.32328348903457
115.15000000000022 261.3863340287615 230.23318324375086
115.88000000000022 401.36605775917434 233.16158913446878
116.61000000000023 836.0839323088205 236.1085011611883
117.34000000000023 600.5490826735387 239.07391932390945
118.07000000000023 672.5169252239767 242.05784362263216
118.80000000000024 649.9797863664533 245.06027405735642
119.53000000000024 758.9318165780742 248.08121062808235
120.26000000000025 622.3865754799538 251.12065333480984
120.99000000000025 364.9489453787169 254.17860217753886
121.72000000000025 1414.1669020849547 257.25505715626946
122.45000000000026 644.6971362316427 260.35001827100183
123.18000000000026 943.4312808837117 263.4634855217357
123.91000000000027 700.2375856038901 266.5954589084712
124.64000000000027 911.4525741257175 269.7459384312082
125.37000000000027 782.5794607608723 272.91492408994685
126.10000000000028 1045.3535618560434 276.10241588468705
126.83000000000028 1101.8061701538816 279.3084138154289
127.56000000000029 883.4619514685559 282.5329178821724
128.2900000000003 604.2587588327976 285.7759280849174
129.0200000000003 841.3122375617914 289.037444423664
129.75000000000028 707.8069028540494 292.3174668984122
130.0 610.7917205656383 166.05803250872344
131.29 739.271892069336 169.36999708122784
132.57999999999998 585.1629936253564 172.71466427762536
133.86999999999998 1057.9954245369784 176.09203409791613
135.15999999999997 1108.1893560959652 179.50210654210017
136.44999999999996 740.3597266660549 182.94488161017736
137.73999999999995 877.9692471995193 186.42035930214783
139.02999999999994 789.5852695278743 189.92853961801157
140.31999999999994 903.7826499379483 193.4694225577685
141.60999999999993 916.2415737489481 197.04300812141867
142.89999999999992 1128.5851833561042 200.649296308962
144.1899999999999 1369.5063659806535 204.28828712039862
145.4799999999999 1369.3438415497278 207.9599805557284
146.7699999999999 1180.288929530509 211.66437661495152
148.0599999999999 1130.0041700854606 215.40147529806777
149.34999999999988 1482.6432248467288 219.17127660507725
150.63999999999987 1484.6169133064222 222.97378053597998
151.92999999999986 1235.1736723203264 226.80898709077596
153.21999999999986 1486.9032496257835 230.67689626946515
154.50999999999985 1190.5284800511984 234.57750807204758
155.79999999999984 1796.699597545864 238.51082249852317
157.08999999999983 1463.8857800470798 242.47683954889206
158.37999999999982 1524.5599130923765 246.4755592231542
159.66999999999982 1360.4715701204418 250.50698152130943
160.9599999999998 1653.8095789363715 254.57110644335802
162.2499999999998 1817.0305335467622 258.66793398929974
163.5399999999998 2469.2007931294524 262.7974641591348
164.82999999999979 1873.4586355234317 266.95969695286294
166.11999999999978 2149.0170201001974 271.1546323704844
167.40999999999977 2333.956057485362 275.3822704119992
168.69999999999976 2674.000319898593 279.642611077407
169.98999999999975 2337.928332088267 283.9356543667082
171.27999999999975 2973.085160833713 288.2614002799025
172.56999999999974 2266.393931754596 292.61984881699004
173.85999999999973 2074.810691241268 297.0109999779709
175.14999999999972 3036.833231268464 301.43485376284485
176.4399999999997 3019.265503871861 305.8914101716122
177.7299999999997 2467.0236737197397 310.38066920427264
179.0199999999997 2617.935873325247 314.9026308608264
180.3099999999997 3087.6262559546904 319.45729514127333
181.59999999999968 3317.0004375156086 324.0446620456135
182.88999999999967 2585.800081026487 328.66473157384695
184.17999999999967 3604.768023995962 333.3175037259735
185.46999999999966 3628.7460205278576 338.0029785019933
186.75999999999965 4207.250493953262 342.7211559019064
188.04999999999964 3440.9805955625025 347.47203592571276
189.33999999999963 3929.1027385234274 352.2556185734124
190.62999999999963 3855.1360575780077 357.07190384500495
191.91999999999962 4082.3342224871008 361.92089174049096
193.2099999999996 4634.09522474347 366.8025822598701
194.4999999999996 4698.443637690896 371.7169754031426
195.7899999999996 3911.0230036102166 376.6640711703084
197.0799999999996 4675.879194450476 381.6438695613671
198.36999999999958 5460.964058804089 386.6563705763192
199.65999999999957 4850.182425256378 391.7015742151646
200.94999999999956 4841.024258634619 396.7794804779032
202.23999999999955 5312.767534485146 401.8900893645349
203.52999999999955 5579.616255152259 407.03340087506007
204.81999999999954 6064.944528174353 412.2094150094782
206.10999999999953 5051.0043958300475 417.4181317677897
207.39999999999952 6120.429328114048 422.6595511499944
208.68999999999951 6060.079932683015 427.93367315609214
209.9799999999995 6198.042742771745 433.24049778608344
211.2699999999995 6547.929894699619 438.5800250399679
212.5599999999995 6382.854141107114 443.95225491774534
213.84999999999948 7463.293199917688 449.3571874194163
215.13999999999947 6869.656416435676 454.79482254498026
216.42999999999947 7559.036392114036 460.2651602944376
217.71999999999946 7078.428364929004 465.76820066778794
219.00999999999945 7639.806291076827 471.3039436650318
220.29999999999944 7657.380525158679 476.87238928616887
221.58999999999943 8087.267145355705 482.4735375311988
222.87999999999943 7730.29489825493 488.1073884001223
224.16999999999942 7497.2998313173075 493.7739418929389
225.4599999999994 8977.978245556495 499.4731980096488
226.7499999999994 8485.097889371795 505.2051567502519
228.0399999999994 9273.586965249702 510.96981811474825
229.3299999999994 8817.286437876446 516.7671821031378
230.61999999999938 10024.198122871421 522.5972487154205
231.90999999999937 8120.877297965741 528.4600179515966
233.19999999999936 9281.781707874978 534.3554898116658
234.48999999999936 10539.034319120216 540.2836642956282
235.77999999999935 9511.632283510678 546.2445414034839
237.06999999999934 10323.456950609632 552.2381211352329
238.35999999999933 10540.260143769156 558.2644034908749
239.64999999999932 10271.27097287539 564.3233884704101
240.93999999999932 10976.712216139356 570.4150760738388
242.2299999999993 10116.05293953271 576.5394663011608
243.5199999999993 11750.825896654003 582.6965591523756
244.8099999999993 11659.523279250014 588.8863546274841
246.09999999999928 11504.421463376762 595.1088527264855
247.38999999999928 12087.609329337043 601.3640534493802
248.67999999999927 11319.89382232103 607.6519567961683
249.96999999999926 11085.928030584873 613.9725627668493
