20.0 116.31413633788392 22.044235856573525
20.23 108.48428782003914 22.554168631466748
20.46 124.59446738221912 23.069932106744037
20.69 80.46675964653599 23.591526282405393
20.92 70.08509760467584 24.118951158450805
21.150000000000002 108.15518975477893 24.65220673488028
21.380000000000003 83.54340357117647 25.191293011693823
21.610000000000003 122.91028227835803 25.736209988891428
21.840000000000003 110.76078822939854 26.2869576664731
22.070000000000004 102.326388702942 26.843536044438835
22.300000000000004 121.801104152032 27.405945122788626
22.530000000000005 77.8122941147714 27.9741849015225
22.760000000000005 162.5616415368796 28.548255380640423
22.990000000000006 107.71416654858614 29.128156560142415
23.220000000000006 138.05791042086224 29.71388844002846
23.450000000000006 144.46182025993025 30.305451020298573
23.680000000000007 291.4099961412227 30.902844300952758
23.910000000000007 168.0000753077828 31.506068281991002
24.140000000000008 143.687680866643 32.115122963413306
24.370000000000008 131.55350713754163 32.73000834521968
24.60000000000001 158.01663768592843 33.350724427410114
24.83000000000001 262.75869782494664 33.97727120998461
25.06000000000001 166.7068727419584 34.609648692943175
25.29000000000001 229.4682946158699 35.247856876285795
25.52000000000001 304.6670240003612 35.89189576001249
25.75000000000001 330.91174712433775 36.541765344123235
25.98000000000001 185.22613227892865 37.197465628618055
26.21000000000001 333.21984477973797 37.85899661349694
26.440000000000012 227.49897923272422 38.526358298759895
26.670000000000012 296.6672995200371 39.19955068440689
26.900000000000013 390.2678187310673 39.87857377043796
27.130000000000013 418.3181811467504 40.56342755685309
27.360000000000014 661.5503355907484 41.254112043652306
27.590000000000014 1046.2639789455816 41.95062723083556
27.820000000000014 1478.1079636821596 42.65297311840289
28.050000000000015 1710.1589684859453 43.36114970635428
28.280000000000015 1418.2096821223731 44.07515699468973
28.510000000000016 918.154369441593 44.794994983409254
28.740000000000016 711.7407833243961 45.520663672512825
28.970000000000017 648.1840494257683 46.25216306200048
29.200000000000017 589.4230120397442 46.98949315187218
29.430000000000017 609.7045086142831 47.73265394212795
29.660000000000018 497.36635828726753 48.48164543276779
29.89000000000002 450.0260040523784 49.23646762379169
30.12000000000002 693.8019964558459 49.99712051519966
30.35000000000002 569.6531511795325 50.76360410699169
30.58000000000002 635.4151541588542 51.53591839916778
30.81000000000002 580.5537612318244 52.31406339172793
31.04000000000002 751.7075289061967 53.09803908467216
31.27000000000002 647.5341593319698 53.887845478000436
31.50000000000002 563.1798684375179 54.68348257171277
31.73000000000002 703.5402397003542 55.48495036580919
31.960000000000022 880.7620184628789 56.29224886028967
32.190000000000026 800.9449160657574 57.10537805515422
32.42000000000002 1019.1658746478909 57.924337950402794
32.65000000000002 1083.4539724243598 58.74912854603544
32.880000000000024 1099.5931792101746 59.579749842052195
33.11000000000003 1380.4429310218718 60.416201838453
33.340000000000025 1488.4354183202306 61.258484535237834
33.57000000000002 1807.7714875332367 62.10659793240676
33.800000000000026 2165.4217154095168 62.96054202995974
34.03000000000003 2436.8632864603856 63.8203168278968
34.260000000000026 2606.321697389772 64.6859223262179
34.49000000000002 2638.145133983763 65.55735852492306
34.72000000000003 2593.6523759731754 66.43462542401231
34.95000000000003 2671.0351827417894 67.31772302348564
35.18000000000003 2560.8725492763665 68.20665132334298
35.410000000000025 2355.1714339314744 69.1014103235844
35.64000000000003 2294.5486790015843 70.0020000242099
35.87000000000003 1992.2409849883336 70.90842042521948
36.10000000000003 1864.4079627181713 71.82067152661308
36.33000000000003 1571.1211375544758 72.73875332839076
36.56000000000003 1303.1606530485217 73.6626658305525
36.790000000000035 1204.7237233965716 74.59240903309835
37.02000000000003 1208.2594228999374 75.5279829360282
37.25000000000003 1285.4406972117356 76.46938753934214
37.48000000000003 1171.1244805964873 77.41662284304013
37.710000000000036 1225.2124495350415 78.36968884712223
37.94000000000003 1248.5573879153785 79.32858555158835
38.17000000000003 1490.5058859890657 80.29331295643853
38.400000000000034 1455.1364550744267 81.26387106167279
38.63000000000004 1455.6417163080444 82.24025986729114
38.860000000000035 1478.1208198610932 83.2224793732935
39.09000000000003 1462.3699956634866 84.21052957967991
39.320000000000036 1170.4447230889855 85.20441048645044
39.55000000000004 1184.8021954707121 86.20412209360504
39.78000000000004 1002.5677684115442 87.20966440114367
40.01000000000003 727.3884353282529 88.22103740906637
40.24000000000004 769.9992760840219 89.23824111737318
40.47000000000004 811.7424770167049 90.26127552606398
40.70000000000004 700.965606322979 91.2901406351389
40.930000000000035 625.0314205580017 92.32483644459782
41.16000000000004 705.605275083895 93.36536295444087
41.39000000000004 774.035389879933 94.41172016466798
41.62000000000004 970.6736367939294 95.46390807527911
41.85000000000004 886.0042229653194 96.52192668627428
42.0 786.9087308814023 54.53528885200617
42.41 903.7822137041532 55.605222372481855
42.81999999999999 931.5687418746998 56.6855497501639
43.22999999999999 949.3457221727745 57.77627098505232
43.639999999999986 991.8228105804654 58.87738607714714
44.04999999999998 880.6145309704933 59.988895026448304
44.45999999999998 1041.877320491571 61.110797832955846
44.869999999999976 1124.8021171171351 62.243094496669784
45.27999999999997 1075.0432705679539 63.38578501759008
45.68999999999997 1046.940764938422 64.53886939571676
46.099999999999966 1119.1285281989049 65.7023476310498
46.50999999999996 1271.2492491355194 66.87621972358923
46.91999999999996 1153.444124005244 68.06048567333502
47.329999999999956 1367.2267263964982 69.2551454802872
47.73999999999995 1419.5425923767536 70.46019914444574
48.14999999999995 1454.0611212391245 71.67564666581066
48.559999999999945 1453.975952107409 72.90148804438195
48.96999999999994 1586.539629386926 74.13772328015962
49.37999999999994 1659.566000383164 75.38435237314364
49.789999999999935 2012.3785492952834 76.64137532333409
50.19999999999993 2560.1139901581955 77.90879213073087
50.60999999999993 3249.3449761833544 79.18660279533403
51.019999999999925 3046.715651714257 80.47480731714357
51.42999999999992 2745.8342824469983 81.77340569615947
51.83999999999992 2176.6917065496045 83.08239793238177
52.249999999999915 1942.75626976095 84.40178402581044
52.65999999999991 1958.3906833473136 85.73156397644547
53.06999999999991 1913.6681634586469 87.07173778428687
53.479999999999905 1951.7575886586967 88.42230544933466
53.8899999999999 2069.654856670587 89.78326697158883
54.2999999999999 2020.4453223459036 91.15462235104933
54.709999999999894 1977.7524656834694 92.53637158771627
55.11999999999989 2114.6062584440992 93.92851468158955
55.52999999999989 2230.4510452881736 95.3310516326692
55.939999999999884 2101.8581058222394 96.74398244095524
56.34999999999988 2242.222745362689 98.16730710644762
56.75999999999988 2534.833864701335 99.6010256291464
57.169999999999874 2493.5364949091836 101.04513800905157
57.57999999999987 2375.368759579163 102.49964424616309
57.98999999999987 2152.0429023735614 103.96454434048097
58.399999999999864 2342.745825890619 105.43983829200529
58.80999999999986 2128.1596110615965 106.92552610073591
59.21999999999986 2180.722504403385 108.42160776667293
59.62999999999985 2104.330993244019 109.92808328981634
60.03999999999985 2312.558324575058 111.44495267016612
60.44999999999985 2237.889368315684 112.97221590772224
60.85999999999984 2216.0147861363735 114.50987300248477
61.26999999999984 2332.8960354722285 116.05792395445367
61.679999999999836 2317.0283731263926 117.61636876362893
62.08999999999983 2335.8657848811463 119.18520743001059
62.49999999999983 2577.821867790757 120.76443995359861
62.909999999999826 2782.141905858524 122.35406633439295
63.31999999999982 2459.4008415007315 123.95408657239378
63.72999999999982 2570.354511393657 125.56450066760091
64.13999999999982 2575.2042603787777 127.1853086200144
64.54999999999981 2977.1638614735994 128.8165104296343
64.95999999999981 2778.5479989373634 130.45810609646054
65.3699999999998 3110.6169869599107 132.11009562049315
65.7799999999998 3064.874862973255 133.77247900173225
66.1899999999998 3130.2418027948775 135.44525624017757
66.5999999999998 3027.4783380249605 137.12842733582931
67.00999999999979 3394.7484478675465 138.82199228868748
67.41999999999979 3057.5111362421035 140.525951098752
67.82999999999979 3535.2266329902654 142.24030376602286
68.23999999999978 3326.2796208382515 143.96505029050013
68.64999999999978 3484.915388187284 145.7001906721838
69.05999999999977 3785.38333832583 147.44572491107377
69.46999999999977 3714.702017896223 149.2016530071702
69.87999999999977 4093.639504203621 150.9679749604729
70.28999999999976 4073.191276664406 152.74469077098203
70.69999999999976 4234.291127946967 154.53180043869756
71.10999999999976 4237.1689224262855 156.32930396361945
71.51999999999975 4525.534980912044 158.13720134574766
71.92999999999975 4746.199613208243 159.9554925850823
72.33999999999975 4734.566351124786 161.78417768162325
72.74999999999974 4915.361909215744 163.62325663537067
73.15999999999974 5018.033975827987 165.47272944632442
73.56999999999974 5225.559305267215 167.33259611448452
73.97999999999973 5207.599971607851 169.20285663985103
74.38999999999973 5504.838487102536 171.08351102242395
74.79999999999973 5665.7851903052815 172.97455926220314
75.0 5800.855254434599 97.67030869671918
75.73 5866.3654356184015 99.58087710734945
76.46000000000001 6381.157672016819 101.50995165398132
77.19000000000001 6426.847427656703 103.45753233661478
77.92000000000002 6739.657025000911 105.42361915524982
78.65000000000002 6623.264967750734 107.4082121098865
79.38000000000002 6893.830051664099 109.41131120052472
80.11000000000003 7145.743570140213 111.43291642716456
80.84000000000003 7360.115885402327 113.47302778980598
81.57000000000004 7481.412875054404 115.531645288449
82.30000000000004 7493.847784126941 117.60876892309366
83.03000000000004 7611.968835088779 119.70439869373986
83.76000000000005 7666.283666057193 121.81853460038766
84.49000000000005 7998.406011697864 123.95117664303704
85.22000000000006 7853.022774828343 126.10232482168803
85.95000000000006 7961.773041774348 128.2719791363406
86.68000000000006 8011.0329146984695 130.46013958699479
87.41000000000007 8035.930881420001 132.6668061736506
88.14000000000007 8138.525879669933 134.89197889630796
88.87000000000008 7979.727474697461 137.13565775496693
89.60000000000008 8223.9433375712 139.39784274962744
90.33000000000008 7950.616305925364 141.6785338802896
91.06000000000009 8035.998283627051 143.97773114695335
91.79000000000009 8069.2229710314505 146.29543454961862
92.5200000000001 7997.66351949382 148.63164408828564
93.2500000000001 8006.015987014926 150.98635976295412
93.9800000000001 8409.92300686021 153.35958157362427
94.71000000000011 8144.744754295972 155.75130952029596
95.44000000000011 8537.671723849575 158.16154360296926
96.17000000000012 8043.869554037469 160.59028382164414
96.90000000000012 8424.617925530894 163.03753017632062
97.63000000000012 8299.780056550419 165.50328266699876
98.36000000000013 8123.0346787007065 167.98754129367842
99.09000000000013 8161.599225001132 170.49030605635969
99.82000000000014 8465.369632917358 173.0115769550425
100.55000000000014 8506.55736960129 175.55135398972698
101.28000000000014 8086.851758428437 178.10963716041303
102.01000000000015 8176.712231083846 180.68642646710066
102.74000000000015 8143.197633852967 183.28172190978995
103.47000000000016 8048.7680861059625 185.8955234884808
104.20000000000016 7756.344342832285 188.5278312031732
104.93000000000016 8014.040893043379 191.17864505386726
105.66000000000017 7596.008379188579 193.84796504056283
106.39000000000017 7972.109167589318 196.53579116326006
107.12000000000018 7649.028347100831 199.2421234219588
107.85000000000018 7866.171725986626 201.96696181665922
108.58000000000018 7673.80454484383 204.71030634736127
109.31000000000019 7984.414701332456 207.47215701406483
110.04000000000019 7804.648811088774 210.25251381677003
110.7700000000002 7693.123694750779 213.05137675547675
111.5000000000002 7599.413939571226 215.86874583018513
112.2300000000002 7144.566887716004 218.70462104089515
112.9600000000002 7355.2617223852585 221.55900238760663
113.69000000000021 7326.672294576539 224.43188987031976
114.42000000000021 7204.134855102355 227.32328348903457
115.15000000000022 7266.486150187991 230.23318324375086
115.88000000000022 6990.923644636492 233.16158913446878
116.61000000000023 7620.723953423038 236.1085011611883
117.34000000000023 6924.161789272464 239.07391932390945
118.07000000000023 7020.583735614581 242.05784362263216
118.80000000000024 7248.48042750834 245.06027405735642
119.53000000000024 6702.555662315144 248.08121062808235
120.26000000000025 7087.626211615141 251.12065333480984
120.99000000000025 7131.384941941913 254.17860217753886
121.72000000000025 7083.922440465736 257.25505715626946
122.45000000000026 6987.40127640856 260.35001827100183
123.18000000000026 6656.434780444466 263.4634855217357
123.91000000000027 6619.935330240784 266.5954589084712
124.64000000000027 6597.299703424822 269.7459384312082
125.37000000000027 6356.567104189597 272.91492408994685
126.10000000000028 6931.9349162376575 276.10241588468705
126.83000000000028 5919.290564358766 279.3084138154289
127.56000000000029 6956.094106579087 282.5329178821724
128.2900000000003 6032.609141262775 285.7759280849174
129.0200000000003 6232.108171296422 289.037444423664
129.75000000000028 6107.522759343979 292.3174668984122
130.0 6003.074766820277 166.05803250872344
131.29 5921.634204000092 169.36999708122784
132.57999999999998 5757.357874370632 172.71466427762536
133.86999999999998 6033.887013195852 176.09203409791613
135.15999999999997 5804.735609093441 179.50210654210017
136.44999999999996 5513.537297656373 182.94488161017736
137.73999999999995 5287.810588777845 186.42035930214783
139.02999999999994 5322.170081405583 189.92853961801157
140.31999999999994 5776.647225539139 193.4694225577685
141.60999999999993 5382.370106869948 197.04300812141867
142.89999999999992 5705.439639450882 200.649296308962
144.1899999999999 4961.626328340067 204.28828712039862
145.4799999999999 5341.000282018739 207.9599805557284
146.7699999999999 4767.397205803236 211.66437661495152
148.0599999999999 5227.398964351112 215.40147529806777
149.34999999999988 4991.366842613131 219.17127660507725
150.63999999999987 4581.990914080597 222.97378053597998
151.92999999999986 4838.599872240119 226.80898709077596
153.21999999999986 4665.351337934338 230.67689626946515
154.50999999999985 4398.602101427632 234.57750807204758
155.79999999999984 4648.083294280145 238.51082249852317
157.08999999999983 3997.1830639550285 242.47683954889206
158.37999999999982 4260.2075072894195 246.4755592231542
159.66999999999982 4097.5396876135 250.50698152130943
160.9599999999998 4354.917885194546 254.57110644335802
162.2499999999998 4005.4864239540793 258.66793398929974
163.5399999999998 3739.1204039080512 262.7974641591348
164.82999999999979 3525.997838285024 266.95969695286294
166.11999999999978 3305.4997138230265 271.1546323704844
167.40999999999977 4004.5840804579616 275.3822704119992
168.69999999999976 3650.3508744349956 279.642611077407
169.98999999999975 3541.9483710392233 283.9356543667082
171.27999999999975 3773.514071352062 288.2614002799025
172.56999999999974 4064.1738965125855 292.61984881699004
173.85999999999973 3673.4692657075734 297.0109999779709
175.14999999999972 3204.405248152865 301.43485376284485
176.4399999999997 3239.387299793965 305.8914101716122
177.7299999999997 3091.9666728322404 310.38066920427264
179.0199999999997 3058.1319374283603 314.9026308608264
180.3099999999997 2614.4006628029965 319.45729514127333
181.59999999999968 2547.167671249867 324.0446620456135
182.88999999999967 3275.0025186196103 328.66473157384695
184.17999999999967 3323.0195318648434 333.3175037259735
185.46999999999966 3333.1941062828623 338.0029785019933
186.75999999999965 3260.0454425171692 342.7211559019064
188.04999999999964 2644.574505562256 347.47203592571276
189.33999999999963 2660.3521942448824 352.2556185734124
190.62999999999963 2730.584702321606 357.07190384500495
191.91999999999962 2188.3555122832927 361.92089174049096
193.2099999999996 2427.315094808844 366.8025822598701
194.4999999999996 2337.278651848416 371.7169754031426
195.7899999999996 2070.2604341717747 376.6640711703084
197.0799999999996 2548.530842912059 381.6438695613671
198.36999999999958 2784.44185771525 386.6563705763192
199.65999999999957 2149.2376398114325 391.7015742151646
200.94999999999956 2475.1045047155526 396.7794804779032
202.23999999999955 1657.1878770657568 401.8900893645349
203.52999999999955 2060.6297989231507 407.03340087506007
204.81999999999954 2530.8577108060476 412.2094150094782
206.10999999999953 2117.368156605978 417.4181317677897
207.39999999999952 2554.8461517546916 422.6595511499944
208.68999999999951 2901.2711422753655 427.93367315609214
209.9799999999995 2306.638166948112 433.24049778608344
211.2699999999995 1975.2984379596164 438.5800250399679
212.5599999999995 2434.5492277247777 443.95225491774534
213.84999999999948 1093.0214350042756 449.3571874194163
215.13999999999947 3339.4913024248785 454.79482254498026
216.42999999999947 2056.8370356979244 460.2651602944376
217.71999999999946 1960.5938220485152 465.76820066778794
219.00999999999945 1474.9563855813844 471.3039436650318
220.29999999999944 2347.7796361542987 476.87238928616887
221.58999999999943 1587.4391664087757 482.4735375311988
222.87999999999943 1762.5303564910741 488.1073884001223
224.16999999999942 1865.411187417803 493.7739418929389
225.4599999999994 2034.0689273053515 499.4731980096488
226.7499999999994 2060.9816955776996 505.2051567502519
228.0399999999994 2708.918059955219 510.96981811474825
229.3299999999994 1815.8429361100177 516.7671821031378
230.61999999999938 1470.6647266141592 522.5972487154205
231.90999999999937 2511.2890755639014 528.4600179515966
233.19999999999936 794.1541073262715 534.3554898116658
234.48999999999936 1408.486702075108 540.2836642956282
235.77999999999935 792.0659476288605 546.2445414034839
237.06999999999934 1435.2422405361206 552.2381211352329
238.35999999999933 977.2128243588772 558.2644034908749
239.64999999999932 2039.936980008314 564.3233884704101
240.93999999999932 472.2087286905172 570.4150760738388
242.2299999999993 2698.126435097923 576.5394663011608
243.5199999999993 567.1136443149758 582.6965591523756
244.8099999999993 743.569450080099 588.8863546274841
246.09999999999928 1607.7522928811252 595.1088527264855
247.38999999999928 1335.8682488983832 601.3640534493802
248.67999999999927 841.9233847865146 607.6519567961683
249.96999999999926 1433.4122205877823 613.9725627668493
